28135
53242
1916
18881
14026
262687
28186
52873
52720
61919
53071
10906
61902
28346
52960
25832
52999
262868
20144
53164
28573
28615
61747
52751
28141
262732
52770
263003
22177
264435
52851
53237
53197
262308
52869
1916
52734
52920
52694
262879
52681
28605
53165
19200
28631
25933
2716
52828
262903
53235
28132
14026
262907
262741
53223
22819
18881
53234
28283
28303
28299
262715
53112
53169
53184
28155
14840
53061
11706
28146
262591
52610
11644
28623
53230
8674
262583
28646
53145
262965
28599
52799
10906
61950
53053
28357
262458
7465
262695
28148
19611
53167
20144
262794
28166
26606
28134
262848
28573
52841
262605
14868
262355
14282
262548
53115
263076
262621
263647
262322
263329
28573
262956
262289
262500
262865
262589
3549
18881
11835
1916
25933
8167
28267
28303
52976
22356
14868
28343
14840
262318
14282
53046
262778
263083
28299
10881
28663
11644
11751
263076
262970
28202
28271
12140
13522
262354
262790
22689
263055
20144
14650
10412
19723
28591
28573
23128
28193
14026
262876
1916
28135
28184
14026
262857
28220
11644
28339
20144
28573
52579
262761
28263
28330
28573
263062
262721
14026
263080
262822
52945
52988
53203
28328
18881
1916
262474
28139
52550
262789
53022
262676
26162
28173
28573
14026
1916
11242
18881
14026
28303
28329
28192
28343
14840
28293
7048
28123
52813
52750
10906
11835
52625
20144
11802
262481
28573
52579
53116
28580
53102
18881
16735
28329
52925
8075
22177
28667
262717
28649
28229
262729
53038
53158
20144
262509
52686
28573
262780
11284
14026
53140
28635
262526
28602
1916
14026
262527
1916
28598
262475
26162
18881
14026
262532
28368
262727
263311
52965
52981
11921
28190
28225
20144
12136
262943
262716
262706
28573
28197
28270
1916
28135
53093
262400
18881
26162
52777
262773
14026
53237
14026
18881
28587
16735
1916
28329
28303
17379
262476
262827
14840
262839
22515
25933
28327
20144
12136
28573
10954
262721
28629
52858
26218
28169
18881
14840
14026
25933
28259
262464
262441
52751
1916
28271
262589
52962
26592
18881
263499
14026
16735
52550
52937
26609
27720
2715
262534
28338
15169
11432
262609
11644
262450
16509
52781
28366
26615
28202
28658
17222
263363
28665
28333
53037
28301
262854
263658
262310
23074
2906
10704
262403
262724
20144
28166
262663
28604
53225
28165
28573
263395
53157
263390
28289
53131
16735
28573
14026
28186
18881
262907
262666
53237
16735
23106
11835
1916
263447
12989
28329
28624
28303
262454
53062
28306
28168
28198
262589
25933
28299
27720
16397
262476
262827
28343
262394
28368
14840
28625
19182
52550
28155
1251
52937
28618
27724
262659
52720
262750
52909
14282
262725
52888
262575
262375
28287
53162
28634
52691
2688
52988
262599
262744
52925
28654
263460
52967
52974
28580
22356
28292
263311
13414
28352
28124
53061
11706
13495
28666
28640
52920
53122
20406
53075
53224
262777
262429
262765
262952
263499
262581
263416
22177
262605
263001
52320
22548
28283
22431
262693
8075
28132
35788
262434
262878
28224
28262
22250
262421
16594
28668
262808
262355
15169
28347
14551
28349
13878
263080
28146
28138
53143
262996
263047
28639
262793
52770
28309
52752
262650
28165
28220
53080
19873
28140
28360
262743
262822
262609
262757
53100
11644
53114
28272
16509
27693
52896
262760
263444
262406
262620
52545
53115
7048
52941
262704
14868
28216
53118
262785
53101
10733
28598
28267
28649
28658
15180
262664
262669
8055
28647
52613
52962
13335
28247
262761
262684
262660
28126
262906
52697
61898
28271
53111
52640
263071
53175
53171
28229
262585
52850
52977
262965
28202
52527
23105
17222
28642
28153
52861
53070
53099
262469
53222
28169
14204
28123
262729
53192
30081
28669
28576
53185
53166
28207
262964
52945
52866
28665
262561
262428
262449
52836
52610
262446
262792
262558
28294
28599
262464
53221
53142
28310
23002
53037
28158
31529
53131
53066
53053
33182
53097
52568
28265
53059
28250
52869
52803
28171
262363
262862
36408
52877
53102
26609
28163
16685
263057
53158
263113
262435
262401
61440
28326
262444
262333
262604
28661
262695
53068
263008
262908
262412
53144
53072
28122
20142
52987
28288
28195
263471
262828
28571
262354
262742
52873
53208
23074
28644
28593
53022
28143
263357
28663
53135
263328
7162
22085
22689
28328
52880
28338
28331
262545
262420
262557
28226
22381
28189
52915
28151
28239
262797
263541
28161
53146
28254
53165
262690
262680
262403
262499
263055
16736
52751
263072
53145
263332
262775
21911
262539
263035
262516
28637
28175
20144
262988
28269
262741
262807
52824
52892
262731
28173
263442
262789
12136
28280
262488
14650
61888
262732
28630
28233
52944
262504
14571
28275
28241
52840
262794
262413
52668
53013
263353
42385
28330
262883
263603
28166
262459
28191
53008
28209
262733
262344
28670
53178
28300
263301
53199
28204
52828
263525
262509
28206
132591
28657
28604
52604
15133
262643
262686
28359
262353
53001
30122
262730
28201
262501
52734
10362
262891
263631
262623
27715
263461
28573
28311
28178
262901
263678
28187
262544
28590
61769
23128
52650
28615
262780
262938
11432
28270
28001
262696
262518
52748
53187
28135
262632
28589
262673
53116
263513
20121
262865
14026
262787
262310
262737
13357
53195
53038
28125
53179
263450
14026
263434
262486
263098
28573
28262
27693
53069
20144
52884
61816
28573
11284
14026
18881
14868
262493
28663
14282
262355
28287
262756
22356
53065
262688
263538
22689
20144
262865
8167
52544
11284
28193
14026
28359
262451
28360
1916
18881
16735
23106
14026
28329
28250
263460
10670
28268
262733
262552
53072
21574
28616
20144
12136
28201
20044
262448
53237
18881
262565
262878
16735
28329
262476
262952
52940
28309
53171
262869
28279
28326
262993
28573
14026
262492
53237
1916
262864
53016
28188
20144
262378
12136
262753
28573
262511
14026
52888
53166
28571
1916
28615
28135
52965
10938
28661
53144
28252
28310
28573
14026
