Start
	BA
start function: AS_Connect_PTT [2015-08-23 19:44:41] 
BA: 53242
BA: 28135
BA: 1916
BA: 18881
BA: 14026
BA: 28329
BA: 28202
BA: 262687
BA: 52720
BA: 28186
BA: 52873
BA: 52999
BA: 52871
BA: 262843
BA: 53071
BA: 10906
BA: 61902
BA: 53239
BA: 25832
BA: 20144
BA: 262668
BA: 53164
BA: 52960
BA: 28573
BA: 28615
25
Existent Peers: 97
[28135 18881, 14026 18881, 53242 18881, 14026 52720, 1916 18881, 53242 1916, 53242 28202, 28135 28329, 28135 1916, 53242 28329, 14026 28329, 28135 52720, 28135 28202, 14026 28202, 52720 262687, 1916 28329, 14026 28186, 14026 20144, 52873 262843, 28135 262687, 53242 52871, 52871 262668, 28135 52960, 53242 262843, 53242 28186, 28186 52999, 28135 28186, 28135 52871, 53242 28135, 53242 52720, 14026 1916, 14026 53164, 14026 53242, 14026 262668, 28135 61902, 52871 28202, 14026 28573, 1916 28202, 53242 52873, 53242 10906, 262687 18881, 14026 52871, 18881 28202, 28135 52873, 14026 52873, 14026 262687, 53242 262668, 53242 262687, 1916 262843, 28135 14026, 52720 52873, 28135 25832, 28186 28615, 28135 52999, 28135 53164, 1916 52720, 53242 20144, 53242 28615, 18881 28573, 18881 52720, 28135 53239, 28135 28573, 14026 52960, 18881 28186, 52873 28615, 18881 28329, 52720 52960, 53242 52999, 1916 28186, 18881 28615, 28135 53071, 1916 52999, 53242 53164, 14026 61902, 53242 28573, 14026 52999, 1916 28615, 1916 61902, 1916 20144, 53242 53071, 1916 28573, 14026 53239, 1916 53164, 14026 53071, 14026 262843, 14026 25832, 28135 262668, 53242 25832, 53242 61902, 14026 10906, 28135 20144, 53242 53239, 14026 28615, 1916 52873, 28135 10906, 28135 262843, 28135 28615]
	BEL
start function: AS_Connect_PTT [2015-08-23 19:44:42] 
BEL: 1916
BEL: 14026
BEL: 262864
BEL: 53016
BEL: 262378
BEL: 28188
BEL: 20144
BEL: 12136
BEL: 262492
BEL: 262753
BEL: 28573
BEL: 262511
12
Existent Peers: 11
[14026 20144, 14026 1916, 1916 262511, 14026 28573, 14026 262492, 14026 28188, 14026 12136, 14026 262511, 14026 262864, 14026 53016, 14026 262753]
	CAS
start function: AS_Connect_PTT [2015-08-23 19:44:42] 
CAS: 28580
CAS: 52579
CAS: 53116
CAS: 14026
CAS: 53102
CAS: 18881
CAS: 16735
CAS: 28329
CAS: 52925
CAS: 8075
CAS: 22177
CAS: 27720
CAS: 262717
CAS: 28649
CAS: 28667
CAS: 53038
CAS: 53158
CAS: 263308
CAS: 20144
CAS: 52686
CAS: 28573
21
Existent Peers: 70
[14026 18881, 53102 16735, 53102 18881, 53116 18881, 27720 262717, 52579 18881, 14026 16735, 53116 16735, 16735 28649, 16735 53038, 52579 16735, 52579 28329, 52579 8075, 52579 28667, 14026 28329, 53102 28329, 14026 52925, 52579 22177, 14026 20144, 53102 8075, 14026 27720, 53116 28329, 14026 8075, 14026 52579, 53116 8075, 14026 53102, 52579 27720, 14026 28667, 22177 53158, 52579 52925, 16735 28329, 52579 28580, 53116 27720, 14026 53158, 52925 53038, 52579 53102, 14026 28573, 14026 22177, 53102 28580, 14026 28649, 18881 53158, 52579 20144, 14026 262717, 52579 53038, 52925 263308, 53116 52579, 52579 263308, 28329 53158, 53116 262717, 53102 20144, 14026 53038, 53116 22177, 52579 52686, 16735 28573, 53116 28580, 53116 53158, 14026 52686, 28329 52686, 53116 52925, 53102 53158, 16735 20144, 52579 28573, 53102 53038, 53102 22177, 52579 28649, 14026 263308, 52579 262717, 53102 52925, 53116 53038, 53102 27720]
	CE
start function: AS_Connect_PTT [2015-08-23 19:44:43] 
CE: 262475
CE: 1916
CE: 26162
CE: 18881
CE: 14026
CE: 52981
CE: 28368
CE: 28598
CE: 262727
CE: 263311
CE: 52965
CE: 11921
CE: 28190
CE: 52640
CE: 28225
CE: 20144
CE: 12136
CE: 262716
CE: 28573
CE: 28310
CE: 28197
CE: 28270
22
Existent Peers: 78
[26162 18881, 262475 18881, 14026 18881, 1916 18881, 1916 28368, 14026 52965, 1916 28598, 14026 28368, 26162 28368, 14026 28598, 1916 52965, 14026 262475, 26162 28598, 262475 28368, 26162 1916, 1916 28310, 14026 20144, 262475 28310, 1916 52981, 262475 1916, 28368 28190, 14026 262727, 262475 28598, 14026 1916, 28368 28225, 14026 52981, 14026 28573, 28368 262716, 26162 262727, 262475 11921, 262475 28197, 263311 52981, 26162 28190, 1916 52640, 26162 11921, 262475 262727, 262475 52965, 28598 52981, 1916 28197, 26162 52981, 262475 28270, 262475 52981, 1916 11921, 14026 262716, 26162 28573, 1916 28190, 26162 14026, 14026 11921, 262475 28573, 26162 52640, 26162 262716, 26162 20144, 1916 263311, 262475 28225, 262475 52640, 14026 52640, 14026 263311, 262475 12136, 262475 263311, 1916 20144, 26162 28270, 26162 12136, 1916 28225, 1916 28573, 14026 28225, 26162 28225, 14026 12136, 14026 28310, 1916 262716, 26162 263311, 26162 28310, 14026 28197, 26162 262475, 262475 28190, 262475 262716, 1916 262727, 14026 28270, 14026 28190]
	CPV
start function: AS_Connect_PTT [2015-08-23 19:44:44] 
CPV: 262773
CPV: 262400
CPV: 53093
CPV: 1916
CPV: 28135
CPV: 18881
CPV: 14026
CPV: 26162
CPV: 61735
CPV: 262681
CPV: 52777
11
Existent Peers: 43
[262773 18881, 262400 262681, 262681 18881, 28135 18881, 14026 18881, 262773 1916, 26162 18881, 53093 18881, 1916 18881, 262773 262681, 262681 28135, 53093 1916, 28135 1916, 262400 18881, 26162 1916, 262400 1916, 262681 1916, 262400 28135, 28135 61735, 28135 52777, 53093 262681, 14026 1916, 262773 28135, 53093 28135, 14026 262773, 14026 28135, 14026 262681, 262400 262773, 18881 52777, 53093 14026, 262773 53093, 53093 262400, 26162 53093, 14026 262400, 262400 52777, 262681 61735, 14026 52777, 262773 52777, 1916 61735, 1916 52777, 262773 61735, 53093 61735, 14026 61735]
	CXJ
start function: AS_Connect_PTT [2015-08-23 19:44:45] 
CXJ: 18881
CXJ: 14026
CXJ: 14840
CXJ: 28169
4
Existent Peers: 4
[14026 18881, 14026 14840, 18881 14840, 18881 28169]
	DF
start function: AS_Connect_PTT [2015-08-23 19:44:45] 
DF: 53237
DF: 262989
DF: 28303
DF: 28587
DF: 14026
DF: 16735
DF: 1916
DF: 25933
DF: 18881
DF: 28329
DF: 262827
DF: 14840
DF: 61909
DF: 262839
DF: 22515
DF: 263308
DF: 262484
DF: 28327
DF: 52858
DF: 20144
DF: 12136
DF: 28191
DF: 28573
DF: 10954
DF: 28629
25
Existent Peers: 102
[262989 18881, 28303 16735, 14026 18881, 14026 28303, 53237 14840, 14026 16735, 53237 18881, 18881 14840, 262989 28329, 262989 16735, 14026 28329, 53237 16735, 28303 22515, 28303 18881, 28303 28329, 14026 25933, 262989 28629, 53237 28303, 53237 1916, 262989 25933, 262989 53237, 262989 14840, 14026 53237, 28329 262484, 28303 14840, 262989 1916, 53237 28329, 28329 61909, 53237 25933, 14026 20144, 262989 22515, 14026 14840, 28303 25933, 262989 28303, 28303 1916, 53237 61909, 262484 53237, 14026 1916, 16735 28327, 28303 28573, 262989 263308, 28329 262839, 18881 25933, 53237 28587, 53237 20144, 14026 28573, 53237 10954, 28303 61909, 14026 262989, 14026 262827, 262989 52858, 14026 61909, 262989 61909, 53237 28191, 28303 20144, 53237 22515, 262989 28587, 53237 262827, 28303 262827, 28329 28327, 53237 28573, 262989 12136, 28303 10954, 53237 12136, 28303 28191, 262989 28573, 262989 28191, 18881 16735, 16735 262839, 262989 262839, 14026 28587, 14026 52858, 14026 22515, 28303 262839, 262989 28327, 262989 10954, 53237 28629, 262989 262484, 14026 262839, 262989 20144, 14026 12136, 10954 22515, 28303 263308, 53237 52858, 14026 10954, 28303 12136, 53237 263308, 14026 28629, 53237 28327, 262989 262827, 28329 262827, 53237 262839, 14026 263308, 28303 28629, 28303 262484, 28303 52858, 14026 28327, 14026 28191, 28303 28327, 28303 28587, 18881 28573, 14026 262484]
	GYN
start function: AS_Connect_PTT [2015-08-23 19:44:46] 
GYN: 14026
GYN: 28303
GYN: 18881
GYN: 16735
GYN: 262476
GYN: 28329
GYN: 262952
GYN: 263343
GYN: 262878
GYN: 61929
GYN: 53171
GYN: 28279
GYN: 28309
GYN: 28326
GYN: 262993
GYN: 262324
GYN: 28573
17
Existent Peers: 38
[14026 18881, 28303 16735, 14026 28303, 14026 16735, 14026 262476, 28303 18881, 28303 28329, 18881 262476, 28303 28279, 28279 263343, 14026 28329, 16735 262476, 28329 262993, 16735 53171, 28303 262476, 18881 28279, 28279 262324, 28303 28573, 16735 262952, 16735 28279, 14026 28573, 28329 28326, 28303 53171, 14026 262952, 14026 263343, 14026 28326, 16735 61929, 14026 61929, 14026 28309, 14026 53171, 14026 262878, 28279 262952, 18881 262878, 28303 262878, 14026 28279, 16735 262878, 14026 262324, 14026 262993]
	LAJ
start function: AS_Connect_PTT [2015-08-23 19:44:46] 
LAJ: 25933
LAJ: 28303
LAJ: 262591
LAJ: 28259
LAJ: 262464
LAJ: 262441
LAJ: 52751
7
Existent Peers: 8
[25933 28303, 25933 262464, 28303 262591, 25933 52751, 25933 28259, 25933 262591, 25933 262441, 28303 28259]
	LDA
start function: AS_Connect_PTT [2015-08-23 19:44:46] 
LDA: 26162
LDA: 18881
LDA: 14868
LDA: 262355
LDA: 22356
LDA: 28663
LDA: 14282
LDA: 28287
LDA: 263538
LDA: 22689
LDA: 262995
LDA: 20144
LDA: 262865
LDA: 262493
LDA: 8167
LDA: 52544
LDA: 11284
LDA: 28193
LDA: 14026
LDA: 28359
LDA: 262451
21
Existent Peers: 25
[26162 18881, 26162 8167, 26162 22356, 26162 14868, 26162 28287, 26162 28663, 26162 22689, 22689 14868, 26162 52544, 26162 14282, 26162 262493, 26162 262995, 26162 262355, 22689 262451, 18881 28359, 18881 262865, 18881 52544, 26162 14026, 26162 20144, 26162 262865, 26162 28193, 26162 11284, 26162 263538, 26162 28359, 26162 262451]
	MAO
start function: AS_Connect_PTT [2015-08-23 19:44:46] 
MAO: 263450
MAO: 14026
MAO: 263422
MAO: 262486
MAO: 263098
MAO: 28573
6
Existent Peers: 7
[14026 263450, 14026 28573, 263450 262486, 263450 263422, 14026 263098, 14026 262486, 14026 263422]
	MG
start function: AS_Connect_PTT [2015-08-23 19:44:46] 
MG: 28360
MG: 52631
MG: 1916
MG: 18881
MG: 14026
MG: 16735
MG: 23106
MG: 28329
MG: 28202
MG: 28250
MG: 263460
MG: 10670
MG: 28268
MG: 262733
MG: 262336
MG: 262552
MG: 53072
MG: 28616
MG: 20144
MG: 12136
MG: 262504
MG: 28201
MG: 28573
23
Existent Peers: 110
[28360 18881, 52631 28329, 28360 16735, 52631 28250, 28250 28202, 18881 16735, 14026 18881, 52631 16735, 14026 16735, 28360 28329, 1916 16735, 1916 28329, 1916 18881, 28329 28250, 28250 10670, 28360 28202, 28360 1916, 52631 1916, 52631 18881, 28360 28250, 16735 28329, 14026 28329, 52631 23106, 23106 262336, 14026 23106, 23106 53072, 28360 12136, 28250 263460, 263460 262504, 28360 23106, 14026 28360, 16735 28616, 14026 20144, 52631 28202, 1916 28250, 28250 28268, 52631 28360, 1916 23106, 52631 12136, 14026 28250, 1916 262733, 1916 28202, 14026 28202, 14026 1916, 28250 262336, 52631 262733, 28360 28268, 28250 262733, 23106 262504, 14026 28573, 18881 262504, 1916 262336, 28360 262733, 1916 263460, 52631 28268, 16735 28201, 18881 28202, 1916 262504, 1916 28201, 28201 28360, 14026 262733, 52631 28573, 1916 53072, 18881 28573, 18881 28201, 18881 28329, 52631 263460, 14026 262504, 52631 28616, 1916 28268, 52631 262552, 52631 262504, 14026 28201, 1916 262552, 28250 262552, 16735 262733, 14026 28616, 16735 28202, 14026 262336, 14026 52631, 52631 53072, 28360 263460, 28360 262504, 14026 28268, 14026 262552, 28360 10670, 28360 262552, 14026 10670, 28360 20144, 1916 20144, 1916 28573, 28360 28573, 14026 12136, 52631 20144, 16735 262336, 1916 10670, 1916 28616, 16735 20144, 28250 28573, 52631 10670, 14026 263460, 28329 28573, 52631 262336, 18881 53072, 28360 262336, 28360 28616, 28360 53072, 14026 53072, 52631 28201, 16735 28573]
	MGF
start function: AS_Connect_PTT [2015-08-23 19:44:47] 
MGF: 14868
MGF: 18881
MGF: 28364
MGF: 262355
MGF: 262548
MGF: 262586
MGF: 14282
MGF: 53115
MGF: 263076
MGF: 262621
MGF: 263647
MGF: 52538
MGF: 262322
MGF: 263329
MGF: 28573
MGF: 262956
MGF: 262500
17
Existent Peers: 27
[14868 18881, 18881 53115, 14868 262355, 14868 263329, 262355 262586, 262355 262956, 14868 14282, 14868 28364, 53115 262621, 14282 53115, 14868 53115, 14282 263076, 262355 263647, 14868 263647, 53115 262322, 262355 262548, 14868 262621, 14868 28573, 262355 263329, 18881 262621, 14868 262586, 262355 52538, 14868 262548, 18881 263329, 14868 262956, 262355 262500, 14868 262500]
	NAT
start function: AS_Connect_PTT [2015-08-23 19:44:48] 
NAT: 28135
NAT: 1916
NAT: 53153
NAT: 262876
NAT: 28184
NAT: 14026
NAT: 262857
NAT: 28220
NAT: 11644
NAT: 28339
NAT: 20144
NAT: 28573
12
Existent Peers: 51
[262876 1916, 262876 28220, 28135 1916, 53153 1916, 262876 53153, 14026 20144, 28184 28220, 28184 1916, 28184 14026, 14026 1916, 53153 28135, 28184 262876, 53153 28220, 14026 28220, 28184 28135, 14026 28135, 28135 11644, 14026 262876, 14026 28573, 1916 28220, 28135 28220, 28184 28339, 28184 53153, 53153 28339, 262876 28135, 28135 28339, 262876 20144, 14026 11644, 53153 28573, 28135 28573, 53153 14026, 1916 262857, 53153 20144, 28184 262857, 28184 20144, 262876 11644, 1916 20144, 262876 28339, 28135 262857, 53153 11644, 1916 28573, 28184 28573, 28184 11644, 53153 262857, 1916 11644, 28135 20144, 1916 28339, 14026 28339, 262876 28573, 262876 262857, 14026 262857]
	PE
start function: AS_Connect_PTT [2015-08-23 19:44:48] 
PE: 1916
PE: 28615
PE: 18881
PE: 28135
PE: 14026
PE: 52965
PE: 28310
PE: 52850
PE: 10938
PE: 53144
PE: 52777
PE: 61735
PE: 28252
PE: 28161
PE: 28573
15
Existent Peers: 55
[14026 18881, 28135 18881, 1916 18881, 28615 18881, 28135 52965, 28615 1916, 1916 52965, 28615 52965, 28135 1916, 18881 53144, 1916 28310, 18881 28252, 14026 52965, 14026 1916, 18881 52850, 28615 28135, 28135 52777, 14026 28135, 14026 28573, 28310 28161, 14026 28310, 28135 61735, 28135 53144, 28135 52850, 28615 28252, 14026 28161, 52965 53144, 28135 28310, 28615 28573, 14026 53144, 28615 53144, 28615 14026, 28135 28573, 1916 28161, 28615 61735, 28615 28161, 28615 52850, 14026 52850, 28135 28161, 28135 28252, 28615 28310, 14026 28252, 28615 10938, 14026 10938, 14026 52777, 1916 28573, 28615 52777, 1916 61735, 1916 10938, 1916 52777, 1916 52850, 28135 10938, 1916 53144, 1916 28252, 14026 61735]
	PR
start function: AS_Connect_PTT [2015-08-23 19:44:49] 
PR: 262589
PR: 26162
PR: 18881
PR: 3549
PR: 1916
PR: 28303
PR: 28329
PR: 14868
PR: 28202
PR: 8167
PR: 11835
PR: 22356
PR: 10881
PR: 14840
PR: 28663
PR: 262688
PR: 53046
PR: 262778
PR: 264471
PR: 262847
PR: 52519
PR: 263083
PR: 264393
PR: 52976
PR: 28299
PR: 11644
PR: 22689
PR: 11751
PR: 28267
PR: 262318
PR: 263076
PR: 262970
PR: 28271
PR: 263055
PR: 12140
PR: 13522
PR: 42909
PR: 262790
PR: 263512
PR: 14282
PR: 20144
PR: 14650
PR: 10412
PR: 19723
PR: 28591
PR: 53062
PR: 28573
PR: 23128
PR: 262500
PR: 52997
PR: 28193
PR: 14026
52
Existent Peers: 86
[26162 18881, 26162 3549, 3549 28329, 26162 28202, 26162 28329, 26162 22356, 26162 52997, 26162 14868, 26162 262589, 26162 8167, 3549 11835, 26162 28663, 26162 11835, 26162 14840, 3549 14282, 26162 1916, 10881 264471, 26162 262790, 26162 28303, 3549 262688, 18881 14840, 3549 53062, 3549 18881, 26162 10412, 262778 28267, 8167 53062, 3549 28271, 26162 22689, 22689 3549, 26162 262688, 3549 19723, 3549 262318, 3549 28299, 8167 14840, 3549 14868, 14868 22689, 26162 28591, 18881 28299, 10881 53046, 26162 264471, 26162 53062, 18881 262688, 26162 28267, 26162 262847, 8167 14282, 10881 28193, 26162 52976, 52976 12140, 8167 12140, 26162 262778, 14868 53046, 26162 263076, 10881 263083, 263055 262589, 26162 13522, 26162 10881, 10881 11751, 26162 28573, 26162 14026, 26162 19723, 14840 28591, 26162 20144, 26162 14282, 262847 264393, 26162 262318, 26162 263512, 26162 42909, 26162 52519, 26162 23128, 26162 28299, 26162 262970, 26162 12140, 26162 53046, 26162 28193, 262778 11751, 3549 28591, 26162 28271, 26162 263055, 11835 263512, 262778 52519, 26162 263083, 26162 264393, 26162 14650, 26162 11644, 26162 262500, 3549 28202]
	RJ
start function: AS_Connect_PTT [2015-08-23 19:44:49] 
RJ: 52637
RJ: 263047
RJ: 1916
RJ: 263499
RJ: 262589
RJ: 28250
RJ: 52752
RJ: 16735
RJ: 18881
RJ: 14026
RJ: 26592
RJ: 28202
RJ: 28210
RJ: 28338
RJ: 52550
RJ: 52937
RJ: 28329
RJ: 262808
RJ: 262310
RJ: 2715
RJ: 262534
RJ: 263057
RJ: 53120
RJ: 8075
RJ: 262403
RJ: 15169
RJ: 27720
RJ: 262609
RJ: 11644
RJ: 262450
RJ: 16509
RJ: 52781
RJ: 28366
RJ: 26615
RJ: 262854
RJ: 28658
RJ: 52962
RJ: 17222
RJ: 262376
RJ: 28271
RJ: 263363
RJ: 28665
RJ: 28333
RJ: 53037
RJ: 28301
RJ: 11432
RJ: 26609
RJ: 197426
RJ: 23074
RJ: 2906
RJ: 10704
RJ: 262724
RJ: 20144
RJ: 28166
RJ: 28209
RJ: 262663
RJ: 28604
RJ: 28165
RJ: 28573
RJ: 263395
RJ: 53157
RJ: 263390
62
Existent Peers: 389
[52637 18881, 263047 262589, 263499 262589, 28250 18881, 52637 16735, 16735 28202, 52752 18881, 263499 16735, 263499 18881, 1916 26615, 1916 262589, 28250 28329, 14026 18881, 28250 262403, 14026 262589, 14026 16735, 52637 28210, 263047 18881, 263499 263047, 1916 8075, 1916 16735, 1916 28329, 262589 28165, 52637 28202, 263047 26592, 52752 1916, 1916 18881, 263499 26609, 263047 16735, 262589 18881, 14026 26592, 52637 28250, 26592 52962, 263499 262376, 263047 28329, 14026 263057, 263499 28210, 263499 1916, 263499 28338, 263499 262609, 263047 28210, 52637 28338, 14026 263047, 28250 262589, 263047 1916, 263047 28338, 52637 26592, 28210 262808, 263047 11432, 52637 1916, 26592 52937, 16735 28166, 263499 28250, 52752 15169, 263499 26592, 263047 52752, 52752 262589, 14026 20144, 263047 28250, 14026 28210, 52637 263057, 263499 262403, 14026 262854, 1916 11432, 1916 28250, 16735 28604, 263499 28329, 52637 262310, 262310 52962, 52637 262854, 14026 27720, 1916 262310, 52637 15169, 1916 27720, 28202 28250, 14026 8075, 26592 262310, 263047 262808, 52637 28329, 14026 28250, 263047 262310, 28210 262854, 16735 11432, 263047 28202, 1916 28202, 1916 28210, 14026 28338, 52752 263499, 52752 28250, 263047 52962, 263499 8075, 16735 26609, 28250 16735, 14026 28202, 263499 15169, 52752 8075, 263499 28202, 26592 262724, 14026 1916, 14026 15169, 263047 28271, 263047 28573, 52637 14026, 263047 262609, 1916 28338, 52637 263047, 52752 16735, 14026 28301, 1916 26592, 14026 28329, 1916 262663, 14026 197426, 263499 262808, 14026 17222, 1916 28165, 263047 52550, 14026 16509, 14026 262808, 52637 28165, 28250 8075, 1916 10704, 14026 52550, 14026 11432, 263047 15169, 1916 28333, 14026 262663, 14026 10704, 1916 262534, 14026 52962, 14026 28573, 1916 2715, 52752 28329, 263499 262310, 14026 26609, 1916 52550, 52637 26609, 28250 28165, 263047 263057, 262589 28573, 52637 52962, 52752 17222, 262589 15169, 16735 28665, 263499 52781, 263047 17222, 263499 2715, 263499 2906, 263047 10704, 263047 53037, 26615 53157, 262589 28210, 263047 52937, 52637 17222, 263499 263057, 1916 15169, 263499 53120, 1916 262609, 14026 28271, 14026 53157, 1916 263363, 26592 262403, 52637 52550, 263047 27720, 1916 263057, 14026 262403, 18881 26609, 263047 262663, 52637 53037, 14026 28366, 52637 53157, 14026 26615, 263499 262854, 52637 8075, 263499 52550, 52637 262808, 28202 26615, 52550 28271, 263499 52937, 14026 28604, 18881 11432, 52752 28202, 263499 17222, 28250 197426, 52637 28658, 52637 28209, 16735 28209, 27720 262403, 262589 52962, 26592 263390, 263499 27720, 14026 262724, 52637 27720, 263499 28165, 26592 27720, 52752 53120, 52752 28604, 28250 262376, 1916 197426, 52637 263395, 14026 262609, 1916 2906, 263047 28301, 52752 28271, 52752 262376, 1916 28665, 263047 8075, 14026 23074, 52752 28366, 14026 52937, 1916 28658, 26592 28165, 26592 263395, 263047 263363, 28250 52937, 28250 20144, 52637 2715, 1916 26609, 1916 262854, 52637 28301, 1916 17222, 28210 28658, 263047 28658, 263499 11644, 28250 15169, 52752 52637, 52637 262534, 28165 16735, 263047 262450, 263499 28604, 14026 53037, 52637 262403, 263499 262534, 28250 17222, 263047 28166, 263499 52962, 262854 262589, 52637 262450, 1916 262403, 14026 11644, 52637 262376, 52637 197426, 263499 28301, 52637 28271, 263499 28166, 52637 28573, 263047 28604, 263047 16509, 263047 28366, 52637 263390, 14026 53120, 28250 28366, 52637 262663, 1916 28604, 263057 262854, 263047 2906, 263499 20144, 1916 28166, 14026 263390, 52752 28210, 52637 28665, 263047 28165, 26592 28333, 1916 28271, 52752 27720, 1916 52962, 14026 262534, 263499 28366, 52637 2906, 263499 197426, 263047 20144, 1916 23074, 263499 28658, 52637 28166, 52637 263499, 263499 53037, 263499 16509, 263047 2715, 1916 262724, 14026 262376, 52637 10704, 52752 28658, 28250 28658, 52637 52937, 52752 26609, 52637 20144, 263499 10704, 263499 28271, 1916 52937, 14026 263395, 263047 53120, 263499 11432, 263047 262534, 52637 28366, 52637 28604, 52637 263363, 263047 263390, 52752 52937, 263047 26609, 14026 28166, 14026 263363, 52637 262724, 263499 262450, 1916 20144, 52637 52781, 14026 28658, 1916 53157, 52752 262403, 263047 262403, 28250 28301, 52637 53120, 17222 53120, 14026 28333, 1916 28366, 52752 28301, 14026 262310, 1916 52781, 1916 28301, 26592 263363, 52637 16509, 26592 2906, 1916 53037, 1916 262376, 1916 28573, 14026 2715, 263499 23074, 263047 28209, 26592 262450, 52637 11432, 263499 263390, 14026 263499, 14026 262450, 1916 16509, 52637 262609, 263047 11644, 28250 2906, 263047 53157, 263499 262663, 263047 52781, 262589 28271, 16735 20144, 28250 262609, 52752 20144, 263047 262376, 28250 53120, 14026 28209, 1916 11644, 263047 23074, 263499 263363, 263047 263395, 52752 262609, 263499 262724, 52637 28333, 28250 11644, 26592 52781, 52752 197426, 14026 28665, 1916 53120, 28250 26609, 1916 28209, 52752 28165, 28250 27720, 263047 28665, 52637 23074, 263499 28573, 28250 28210, 52752 2906, 263499 28333, 263499 263395, 263499 28665, 263499 53157, 14026 2906, 263047 262724, 28250 28604, 18881 262450, 1916 262450, 52752 11644, 263047 28333, 1916 263395, 52752 16509, 263047 197426, 1916 263390, 14026 28165, 11432 28165, 263499 28209, 1916 262808, 28338 10704, 14026 52781, 52637 11644, 28250 16509]
	RS
start function: AS_Connect_PTT [2015-08-23 19:44:50] 
RS: 262883
RS: 262715
RS: 53197
RS: 52869
RS: 262879
RS: 52920
RS: 25933
RS: 28169
RS: 52694
RS: 52751
RS: 52770
RS: 53237
RS: 52681
RS: 61747
RS: 263003
RS: 52685
RS: 1916
RS: 263604
RS: 52734
RS: 28631
RS: 52851
RS: 22819
RS: 28141
RS: 262903
RS: 28605
RS: 19200
RS: 28132
RS: 53235
RS: 53223
RS: 263113
RS: 14026
RS: 264575
RS: 53165
RS: 18881
RS: 52752
RS: 28303
RS: 262589
RS: 28299
RS: 52720
RS: 53184
RS: 14840
RS: 28155
RS: 264134
RS: 262907
RS: 53145
RS: 28146
RS: 53061
RS: 11706
RS: 28283
RS: 53169
RS: 262591
RS: 262848
RS: 52610
RS: 262891
RS: 53112
RS: 11644
RS: 28259
RS: 28623
RS: 53230
RS: 8674
RS: 2716
RS: 262583
RS: 28646
RS: 262965
RS: 53222
RS: 61672
RS: 28599
RS: 262464
RS: 10906
RS: 61950
RS: 53053
RS: 28357
72
Existent Peers: 1245
[262883 25933, 262715 52770, 53197 262907, 262907 262589, 52869 25933, 262879 25933, 52920 25933, 28169 25933, 28169 18881, 52920 18881, 52694 52770, 52751 25933, 262715 18881, 53197 52770, 52681 25933, 263003 262589, 52685 262589, 263003 25933, 263604 28303, 52734 25933, 262883 14840, 52869 14840, 52851 52770, 52694 52720, 52694 28303, 52751 14840, 262715 28141, 28141 52610, 22819 18881, 52851 52610, 28605 18881, 52920 262589, 19200 2716, 2716 1916, 1916 52752, 61747 53237, 28303 18881, 263003 18881, 28169 28155, 25933 53237, 262907 14840, 53235 28303, 52685 28283, 28303 52720, 53237 262589, 52869 18881, 25933 18881, 53223 18881, 53235 52720, 52694 262589, 53235 53237, 22819 2716, 53197 18881, 53235 18881, 28132 262589, 61747 18881, 262715 53237, 52869 53237, 25933 52720, 262715 262589, 14026 262589, 263113 25933, 262879 18881, 52610 28299, 28605 14840, 1916 262589, 52770 262589, 52734 262589, 52685 18881, 262883 18881, 14026 18881, 262903 18881, 28169 262589, 52869 262589, 19200 28146, 28141 262583, 52734 18881, 263003 52720, 262883 262589, 19200 53237, 14840 18881, 52681 18881, 262883 28146, 263003 28303, 28141 18881, 28303 262589, 52851 262589, 1916 28303, 28303 53230, 28303 25933, 53237 14840, 28141 262589, 18881 262589, 25933 262589, 262903 14840, 28605 25933, 61747 28623, 14026 52720, 53223 28146, 28146 53169, 262879 262589, 53223 262589, 264575 262891, 52694 53237, 52694 18881, 53223 52720, 19200 18881, 263113 18881, 52681 262589, 52751 18881, 28631 14840, 28141 28303, 22819 53237, 53237 18881, 52920 53145, 28631 262589, 28605 28146, 28605 28283, 52751 28303, 53235 262589, 52685 262907, 262907 52734, 52751 262589, 19200 25933, 52920 52720, 53165 18881, 28631 18881, 61747 25933, 14026 53145, 53237 52752, 52681 52720, 28631 25933, 28141 14840, 52770 28303, 52685 14840, 18881 2716, 14026 14840, 53235 1916, 25933 52685, 263113 28299, 28605 262589, 53197 25933, 262879 52610, 262903 262907, 263113 262589, 1916 18881, 52920 28303, 19200 262589, 52685 52720, 28631 28357, 263003 53237, 262903 262464, 61747 28303, 53197 53237, 52681 28599, 262903 262589, 14026 28283, 61747 53145, 53237 262883, 52851 53237, 25933 14840, 52770 262907, 262879 1916, 18881 52610, 14026 25933, 25933 53223, 262589 53145, 52694 1916, 28605 28303, 18881 52851, 52734 52681, 22819 52752, 28141 1916, 28141 52770, 53223 28303, 28169 14840, 53235 53222, 263003 14840, 22819 262589, 52685 61672, 52694 25933, 52851 28303, 1916 25933, 262715 52752, 53237 53184, 14840 262589, 19200 28303, 28303 28283, 1916 53145, 52681 53237, 28141 52752, 263003 1916, 53235 262907, 61747 262589, 263003 53169, 22819 14840, 263113 52720, 53223 1916, 53235 52752, 52681 28146, 263113 28303, 52770 25933, 262903 53145, 262883 264134, 28169 53223, 53237 52770, 61747 28146, 19200 262907, 52734 28146, 262883 52720, 28169 52720, 14026 53235, 53223 28132, 262883 53169, 52770 52752, 18881 28283, 52734 52770, 52734 52610, 263113 53237, 263003 52752, 14026 28303, 263113 14840, 14840 28155, 52751 53237, 263113 53061, 53165 53237, 52851 14840, 28605 52720, 28303 53145, 53235 14840, 262589 28299, 28303 28146, 263003 28299, 263113 52770, 53235 52770, 262903 53237, 19200 52720, 28132 18881, 28605 1916, 1916 52770, 52770 264575, 52770 53223, 28169 1916, 262715 262907, 28605 28299, 264575 18881, 25933 28623, 53237 28303, 53237 1916, 52694 263003, 28605 53237, 52681 53169, 1916 28283, 28631 53237, 53237 28155, 52851 25933, 262879 52720, 53237 28146, 25933 53235, 53235 53169, 262589 28283, 262715 28303, 262715 53169, 262903 28303, 262907 53184, 53197 52720, 53197 28303, 28631 52734, 262903 52720, 25933 262464, 52751 28283, 52752 53169, 53169 262589, 262883 52734, 19200 14840, 52851 1916, 19200 262891, 52770 28605, 25933 28132, 25933 28146, 262883 52752, 262879 28303, 53197 262589, 22819 28599, 28631 1916, 53223 14840, 262883 1916, 262715 25933, 52694 14840, 53197 14840, 22819 28303, 28169 53237, 61747 262907, 28141 28146, 52770 14840, 14026 28132, 262903 53061, 18881 28299, 263113 262891, 52734 52720, 52681 28303, 28141 25933, 52685 53223, 14026 53237, 262903 28283, 28169 262907, 52694 262907, 22819 52720, 14026 262907, 61747 52720, 52685 28303, 52751 1916, 14840 53222, 53197 53184, 262879 28299, 28631 52720, 28132 14840, 22819 1916, 52685 53237, 52770 14026, 53223 53237, 28631 28303, 52685 53061, 28132 53053, 52851 53235, 52734 264134, 22819 53235, 52920 53237, 262903 28299, 52734 28605, 28303 53222, 264575 28303, 52851 28169, 28132 1916, 262883 52751, 52920 262903, 52869 28146, 262883 28283, 262715 53053, 28141 262907, 53197 52685, 264575 61950, 52751 28141, 14026 61747, 53165 1916, 53235 53230, 264575 262589, 61747 14840, 52851 28146, 19200 52752, 52694 28146, 19200 28299, 28169 28303, 262715 14840, 262903 52610, 52851 262464, 263113 28146, 263003 262464, 263113 52752, 263113 28283, 52770 53053, 53237 28283, 52851 2716, 28169 28146, 52751 53169, 262883 22819, 28631 28132, 52920 8674, 28169 53145, 263113 1916, 22819 25933, 25933 53169, 262903 25933, 25933 52752, 28141 28299, 53197 53230, 263003 53145, 28141 53237, 1916 14840, 28303 14840, 22819 28146, 61747 28299, 264575 1916, 22819 53169, 19200 1916, 52920 262965, 25933 263604, 28169 262903, 52920 28146, 262879 262891, 263003 28146, 52681 53235, 52734 53237, 262715 53145, 28141 11706, 262903 1916, 262907 53112, 61747 28283, 14840 264134, 22819 28283, 262879 52752, 262883 262907, 28605 52752, 52920 1916, 262903 52681, 262715 1916, 53223 14026, 52751 52770, 52694 28169, 28169 53235, 52851 52752, 28141 53223, 53237 52720, 52869 1916, 53235 11706, 53235 28146, 52869 264575, 262715 262464, 262715 22819, 264575 11706, 28169 28299, 53237 262848, 52851 28631, 53223 19200, 262879 28283, 14026 52752, 52681 14840, 28631 262907, 52851 53230, 19200 53222, 22819 53145, 19200 28283, 61747 1916, 52681 28283, 53197 1916, 52851 28141, 52920 28155, 1916 28146, 52920 52752, 53223 262903, 52869 28303, 262715 28146, 52734 28303, 28303 52752, 52920 61747, 52751 53112, 52685 52752, 52694 28646, 53235 52734, 262883 28303, 53197 28283, 52920 14840, 262883 264575, 262903 52752, 22819 262879, 53197 28146, 28141 52681, 52851 28259, 262715 53230, 28303 28357, 262903 11706, 28605 262907, 53165 262589, 264575 53237, 52681 262848, 53237 262907, 52869 52720, 53235 53061, 28141 2716, 28303 52610, 52681 52752, 1916 28259, 52869 28169, 262883 52770, 53223 52610, 262883 53145, 52770 52720, 28132 28605, 28141 52720, 263113 8674, 262903 52770, 52751 52720, 53235 262715, 52734 52851, 52694 52751, 53197 52752, 52770 28146, 52751 28146, 18881 28155, 52734 53230, 28141 53184, 52694 53184, 52920 52685, 52685 28155, 52851 61672, 53197 264134, 53197 53112, 262715 28299, 2716 28623, 25933 53145, 28141 262891, 52920 28283, 52920 53169, 262589 28146, 52681 52770, 61747 262903, 262879 262848, 28132 28259, 52851 52720, 262883 28299, 1916 8674, 53165 28303, 28605 52751, 53223 262907, 52694 52752, 52734 28155, 61747 52752, 53223 262583, 19200 262464, 28132 28303, 61747 53169, 14026 1916, 263113 52685, 52734 53169, 18881 53112, 28169 53184, 19200 262903, 61747 8674, 263113 52681, 18881 262848, 263113 11706, 28631 52770, 262715 52720, 52734 1916, 263003 262907, 52869 8674, 28141 28283, 28631 52752, 262903 52685, 52681 28155, 28169 52751, 263003 52734, 19200 52770, 53235 28599, 28132 11706, 262903 28146, 14026 28146, 262883 28605, 52734 14840, 52681 28132, 52685 53145, 52869 52752, 263003 14026, 52851 264134, 52751 52734, 1916 262907, 263003 28283, 1916 28299, 52734 28299, 28132 263003, 263113 28605, 262907 28299, 22819 28299, 61747 262848, 263003 262883, 28631 28299, 25933 262907, 53235 53184, 28605 262965, 52851 28283, 28283 262907, 262907 263604, 25933 262583, 53235 262891, 262883 28155, 28631 262715, 262907 52752, 52685 264575, 52851 262903, 25933 28283, 262589 53053, 28303 53061, 52751 262907, 25933 28357, 263003 53112, 262883 262891, 28631 52751, 52685 1916, 52851 53169, 53223 2716, 28169 52752, 25933 11706, 263003 28155, 53197 52610, 263113 262591, 28132 61950, 52770 53230, 52734 28283, 18881 52720, 25933 262891, 262883 28357, 264575 28646, 19200 53061, 18881 52752, 52920 53112, 52681 1916, 53223 53061, 53165 262965, 52734 262891, 262879 28141, 52920 264575, 263113 262903, 28631 11706, 52751 53061, 28605 61672, 262715 28623, 264575 61672, 53223 52752, 52681 53145, 22819 53112, 52734 262848, 22819 53184, 262715 53184, 52685 28259, 52734 2716, 52681 19200, 263003 262848, 52734 53145, 28141 262848, 25933 28299, 28631 262848, 14026 53184, 52869 2716, 61747 52770, 28631 61747, 28141 53235, 52694 61950, 262715 52610, 262879 11644, 52681 52610, 262879 11706, 19200 53197, 52851 262848, 53223 28599, 61747 262891, 52920 53061, 61747 52681, 52851 52694, 1916 52610, 22819 53197, 52869 28283, 53223 11644, 53235 28357, 14026 262903, 28303 262907, 28631 8674, 28299 14840, 52694 53145, 52694 28631, 53197 262903, 53197 28259, 61747 28132, 28631 10906, 53235 52610, 52610 28283, 52869 28357, 52751 8674, 28141 52920, 28605 53053, 28132 53237, 1916 53222, 14026 11706, 52734 262583, 61747 52734, 52920 28299, 52734 53184, 262907 28146, 52851 52920, 14026 52610, 52869 28623, 22819 52770, 22819 262907, 262903 53222, 52869 28299, 263003 263113, 1916 53061, 263003 8674, 52920 262848, 53197 262879, 52694 53112, 28141 53145, 262589 262848, 262879 14840, 263113 28623, 263113 53145, 52734 28259, 53223 28299, 53165 25933, 52869 262907, 52851 263003, 52920 53230, 263003 53230, 28132 262903, 263003 53184, 52685 52770, 52851 10906, 14026 28259, 262715 262848, 262879 53169, 28141 8674, 263003 52770, 61747 53053, 1916 53169, 28605 53145, 28631 262965, 2716 262583, 28141 53112, 262879 53237, 28283 52752, 52681 264575, 52851 53184, 53223 61950, 28141 28155, 22819 52869, 52694 22819, 262883 52610, 262903 52694, 61747 262883, 52694 2716, 28141 28605, 52751 53223, 262879 28146, 52610 262591, 52770 262583, 262879 262965, 14840 53112, 52770 53169, 262883 28141, 263113 52610, 28132 11644, 28631 14026, 28631 28283, 263113 53112, 262903 53169, 262907 264134, 53237 52610, 22819 8674, 28169 28283, 52734 52752, 28631 28599, 262903 11644, 28605 52610, 52751 262715, 14026 262583, 52869 262715, 52685 53169, 52920 263113, 262907 52720, 52751 28299, 52685 28146, 53223 53145, 52920 262907, 52685 2716, 28631 28146, 262883 53235, 28605 53169, 53197 61747, 52681 28169, 262879 53145, 262715 10906, 52734 8674, 28141 11644, 52685 11644, 22819 14026, 28169 28141, 22819 11644, 52685 11706, 52851 28357, 22819 52751, 262715 11706, 28605 2716, 52694 262879, 28631 52685, 25933 264134, 52685 8674, 52751 10906, 52681 11706, 52869 53169, 28605 53235, 52751 262903, 262883 28132, 28132 53222, 262883 28599, 28141 61950, 52869 264134, 52770 28357, 262907 18881, 52694 262848, 61747 263003, 28303 262965, 264575 262715, 28141 264575, 52920 28259, 53197 262891, 52869 262848, 53197 2716, 53165 53145, 263003 11706, 14840 262464, 52920 11706, 28132 28146, 262883 262464, 52770 262879, 14026 28155, 262903 28605, 53237 53169, 14026 28599, 52694 53230, 28169 2716, 262883 53184, 1916 262591, 53235 11644, 14026 262848, 14840 28259, 52734 52869, 53235 53053, 28631 52610, 53223 262591, 53197 52694, 52685 264134, 262883 262848, 52694 10906, 52751 52610, 52694 53061, 52920 28605, 52681 262907, 22819 53053, 53197 28299, 262903 28155, 52751 53145, 263003 52685, 19200 53169, 52770 28155, 28141 53169, 61747 53184, 1916 262848, 28605 262879, 264575 53053, 52681 264134, 262715 262879, 28605 262848, 52920 262891, 52685 28605, 14840 52752, 28141 19200, 53165 53169, 52694 28299, 52734 262464, 14026 264575, 53235 262848, 1916 53112, 52869 53145, 53237 262583, 52751 52752, 263113 262883, 28299 28303, 22819 262848, 52734 11706, 53235 53145, 52851 52869, 262715 52734, 52681 52751, 262879 262907, 53223 28631, 28303 262591, 53237 262891, 28169 262848, 52869 28155, 28631 262879, 22819 61950, 28169 52770, 52851 263113, 53197 262883, 53235 28132, 53237 28299, 28132 53112, 52920 53165, 28631 53235, 53165 14026, 53223 28283, 28605 28169, 262715 61747, 264575 53169, 22819 28259, 53235 28155, 52851 262583, 53235 28283, 52851 53145, 22819 264575, 53165 262591, 14026 262891, 19200 8674, 262883 262903, 28141 262464, 53197 53145, 52751 28259, 262589 53184, 52751 28599, 28169 53169, 52685 28623, 28299 14026, 53197 262965, 53223 262891, 19200 52610, 53197 53169, 28141 52734, 264575 25933, 52694 28599, 52869 52770, 262903 53112, 22819 52734, 263003 22819, 52869 28605, 53165 19200, 262883 28631, 52770 52610, 28631 53184, 1916 11706, 53197 52851, 52685 53112, 262903 52869, 53197 52869, 19200 53184, 262903 264575, 262883 2716, 264575 28283, 53197 262591, 52920 52734, 53223 53169, 263113 262907, 264575 52694, 14026 262464, 52694 52734, 28169 11706, 52751 264134, 53235 262903, 61747 28646, 25933 28646, 53197 262848, 52770 28283, 52920 262583, 263113 53169, 52920 264134, 52685 61950, 28605 262464, 28631 28646, 25933 53184, 22819 28169, 53235 61950, 262883 262591, 52685 52610, 14026 8674, 52694 28132, 52869 61672, 19200 52869, 52920 61950, 1916 52720, 53235 52751, 28605 28259, 28631 262891, 262715 262903, 53165 262891, 53237 10906, 52920 28646, 263113 52734, 52694 8674, 28132 28299, 28169 53112, 61747 262583, 52920 14026, 53223 264575, 28132 264134, 262715 53061, 28141 52694, 28631 28169, 263113 52869, 61747 28155, 14026 53112, 53165 28155, 14026 53169, 262715 28132, 28631 262903, 19200 28646, 28141 22819, 52694 61672, 28605 262891, 28169 262891, 28132 28283, 262715 2716, 52681 28631, 263003 10906, 52770 28299, 28141 262591, 28631 2716, 52694 262715, 61747 11706, 53235 262583, 1916 10906, 28169 52685, 262715 28169, 52694 53169, 28169 52610, 263003 61950, 52851 262891, 61747 53112, 61747 53061, 52751 264575, 52869 52610, 53237 53222, 61747 53165, 28141 264134, 28169 10906, 52685 262583, 52851 14026, 25933 52610, 14840 262891, 262883 52851, 28303 28155, 22819 262903, 263113 262848, 52770 8674, 1916 28155, 53237 8674, 264575 264134, 28631 53053, 52694 262583, 52751 14026, 52869 28631, 52694 52681, 28141 53061, 28303 11706, 28605 52851, 52920 262464, 28631 28141, 28169 263113, 25933 61672, 263113 53235, 52851 61950, 52734 262591, 53235 28299, 28605 10906, 28303 262848, 52694 61747, 262883 53112, 52851 52681, 263003 2716, 53237 53145, 262883 10906, 52694 52610, 262879 53184, 263003 262891, 28169 61950, 53235 53223, 28132 61672, 52770 61950, 52751 262848, 61747 61672, 262715 28646, 52851 53061, 52851 262965, 52851 53222, 53235 263003, 53165 53222, 52685 52851, 53165 53053, 262883 53061, 52751 53197, 53237 262965, 53237 53061, 28132 262848, 19200 28631, 52851 264575, 52681 262883, 52685 262715, 52694 28283, 52751 53230, 53197 28132, 52685 262891, 264575 28155, 263113 2716, 52920 263003, 52681 262583, 52694 11706, 28141 28623, 53235 263604, 262883 53223, 53223 262848, 52770 262965, 61747 263113, 1916 53184, 263003 264134, 28169 61747, 52694 28259, 28169 61672, 28132 52869, 53235 52694, 262879 28132, 262715 28283, 52770 262891, 262879 262903, 14840 61672, 28169 264575, 262907 52851, 262715 262891, 262907 53222, 53165 28299, 25933 53061, 52681 11644, 263113 264134, 28141 14026, 52920 52770, 52869 52751, 53237 262464, 61747 53223, 52869 53235, 52694 19200, 52770 61672, 262903 28357, 52694 28605, 28605 14026, 262589 53061, 53235 53197, 53223 263003, 28303 8674, 52694 52920, 19200 61672, 52685 53053, 262903 53184, 28283 28599, 262883 28623, 53197 28646, 19200 10906, 52734 262903, 52920 19200, 28605 28623, 53165 28631, 52770 28599, 28169 19200, 28631 53061, 53223 53230, 28303 28259, 262903 262591, 53197 262583, 53165 28283, 52751 262879, 28169 28132, 53197 8674, 262879 53112, 262907 53169, 14026 11644, 263003 262903, 263003 28605, 52685 53222, 263113 28132, 52681 28299, 14026 262965, 52851 19200, 52770 2716, 53223 53112, 52869 53230, 262879 263113, 263113 53184, 28141 263113, 25933 53053, 14026 264134, 262879 52851, 52685 262848, 53197 53061, 28169 8674, 263113 53197, 52694 28155, 28605 53184, 61747 28141, 53237 53053, 28141 28357, 28631 53112, 52734 53061, 28631 61672, 28141 262903, 263003 262583, 52685 28299, 262903 8674, 52851 28132, 52869 53184, 53165 52869, 52920 28132, 52851 28599, 53165 28169, 53235 262464, 61747 28259, 262907 53145, 52851 28299, 52694 53165, 28605 61950, 52681 2716, 52694 262965, 53237 262591, 28631 61950, 263003 53165, 53223 53184, 53165 262464, 52681 61672, 53197 52734, 52685 262591, 22819 28155, 52681 262464, 53223 11706, 28303 28646, 52869 262591, 52694 262891, 52920 61672, 52920 53235, 1916 53053, 52685 262883, 52734 28132, 262883 52869, 28169 263003, 53223 52734, 25933 53230, 52681 53197, 28631 53169, 52751 52920, 262715 53112, 28605 53223, 14026 28646, 53197 28623, 25933 61950, 28605 28155, 1916 28357, 28605 11706, 22819 28623, 52681 53061, 28605 53061, 52694 262883, 52920 11644]
	SC
start function: AS_Connect_PTT [2015-08-23 19:44:53] 
SC: 53062
SC: 11242
SC: 1916
SC: 52950
SC: 18881
SC: 14026
SC: 28303
SC: 28329
SC: 28343
SC: 14840
SC: 28293
SC: 11835
SC: 28642
SC: 52813
SC: 52750
SC: 28123
SC: 10906
SC: 52625
SC: 7048
SC: 20144
SC: 264330
SC: 11802
SC: 262481
SC: 28573
24
Existent Peers: 112
[11242 1916, 52950 18881, 11242 18881, 14026 18881, 14026 28303, 1916 28303, 1916 11835, 52950 28329, 14026 28329, 14026 14840, 53062 14840, 1916 28329, 11242 28303, 1916 18881, 1916 28343, 18881 28343, 53062 28343, 53062 28329, 11242 28329, 11242 14840, 53062 11835, 52950 28343, 52950 28303, 53062 28303, 52950 53062, 28343 11802, 14026 11835, 11242 53062, 18881 14840, 52950 14840, 14026 20144, 14026 28293, 14026 28343, 1916 264330, 14840 52750, 1916 14840, 1916 53062, 52950 11242, 11242 28642, 14840 28642, 52950 11835, 14026 53062, 52950 7048, 53062 52750, 11242 11835, 11242 28343, 28343 52813, 52950 1916, 14026 1916, 52950 28573, 53062 28642, 14026 11802, 28343 11835, 11242 20144, 1916 28642, 14026 28573, 14026 52750, 53062 28293, 52950 28293, 52950 10906, 14026 28123, 52950 28123, 11242 7048, 52950 28642, 11242 28573, 14026 11242, 11242 52750, 1916 28573, 11242 10906, 18881 262481, 1916 10906, 28303 52813, 52950 264330, 53062 262481, 53062 11802, 11242 28293, 11242 28123, 1916 28123, 1916 11802, 14026 28642, 11242 52813, 52950 11802, 14026 264330, 53062 10906, 1916 28293, 14026 52950, 53062 52625, 52950 20144, 11242 52625, 14026 262481, 11242 262481, 52950 262481, 1916 20144, 11242 11802, 1916 52625, 53062 20144, 52950 52625, 1916 52750, 52950 52813, 11242 264330, 1916 52813, 14026 7048, 1916 7048, 14026 10906, 53062 28573, 14026 52625, 52950 52750, 1916 262481, 53062 28123, 53062 264330, 53062 7048, 14026 52813]
	SCA
start function: AS_Connect_PTT [2015-08-23 19:44:54] 
SCA: 52888
SCA: 28571
2
Existent Peers: 1
[52888 28571]
	SJC
start function: AS_Connect_PTT [2015-08-23 19:44:54] 
SJC: 61816
SJC: 262318
SJC: 28262
SJC: 27693
SJC: 53069
SJC: 20144
SJC: 52884
SJC: 28573
SJC: 11284
SJC: 14026
10
Existent Peers: 11
[61816 27693, 61816 262318, 61816 14026, 27693 14026, 27693 28573, 61816 28573, 61816 11284, 61816 20144, 61816 53069, 61816 52884, 61816 28262]
	SJP
start function: AS_Connect_PTT [2015-08-23 19:44:54] 
SJP: 52579
SJP: 14026
SJP: 53166
SJP: 28330
SJP: 262721
SJP: 262761
SJP: 28263
SJP: 28573
SJP: 263062
9
Existent Peers: 22
[14026 262761, 53166 52579, 14026 52579, 52579 28263, 53166 28263, 52579 262761, 14026 28573, 53166 262761, 14026 28263, 52579 28330, 14026 263062, 52579 262721, 53166 28330, 53166 28573, 14026 53166, 52579 263062, 14026 28330, 14026 262721, 52579 28573, 53166 262721, 262761 263062, 53166 263062]
	SP
start function: AS_Connect_PTT [2015-08-23 19:44:55] 
SP: 262589
SP: 52840
SP: 52551
SP: 262666
SP: 16735
SP: 18881
SP: 23106
SP: 262476
SP: 28124
SP: 1916
SP: 25933
SP: 28226
SP: 263447
SP: 52752
SP: 28303
SP: 28364
SP: 263077
SP: 262599
SP: 28624
SP: 262454
SP: 53062
SP: 28306
SP: 28329
SP: 262675
SP: 52696
SP: 28198
SP: 28299
SP: 12989
SP: 14868
SP: 16397
SP: 52908
SP: 11835
SP: 28186
SP: 262355
SP: 28343
SP: 28368
SP: 28625
SP: 393742
SP: 61568
SP: 22356
SP: 263444
SP: 28599
SP: 19182
SP: 263646
SP: 28666
SP: 263469
SP: 28155
SP: 52873
SP: 52547
SP: 1251
SP: 52937
SP: 28618
SP: 262659
SP: 28250
SP: 53237
SP: 262743
SP: 262725
SP: 263432
SP: 28141
SP: 52579
SP: 28598
SP: 52888
SP: 262575
SP: 262402
SP: 263301
SP: 262375
SP: 52734
SP: 52720
SP: 53162
SP: 28634
SP: 52691
SP: 53184
SP: 2688
SP: 262907
SP: 53115
SP: 28173
SP: 6057
SP: 262310
SP: 262429
SP: 262744
SP: 52925
SP: 52614
SP: 262778
SP: 263460
SP: 52974
SP: 28292
SP: 262502
SP: 11432
SP: 28279
SP: 263311
SP: 13414
SP: 28146
SP: 28224
SP: 28352
SP: 53061
SP: 11706
SP: 262671
SP: 262699
SP: 262750
SP: 61893
SP: 13495
SP: 20940
SP: 52920
SP: 53122
SP: 262847
SP: 53224
SP: 28135
SP: 262777
SP: 14463
SP: 53169
SP: 262765
SP: 263047
SP: 262581
SP: 263416
SP: 262605
SP: 52678
SP: 53120
SP: 53143
SP: 22381
SP: 53202
SP: 19551
SP: 22548
SP: 28283
SP: 22177
SP: 28330
SP: 27724
SP: 28642
SP: 28125
SP: 262848
SP: 263296
SP: 8075
SP: 35788
SP: 262760
SP: 52610
SP: 28152
SP: 28220
SP: 262434
SP: 262878
SP: 61704
SP: 263057
SP: 28262
SP: 22250
SP: 262761
SP: 16594
SP: 53075
SP: 28668
SP: 15169
SP: 14551
SP: 28271
SP: 28349
SP: 28138
SP: 4809
SP: 28370
SP: 28263
SP: 262369
SP: 53238
SP: 262650
SP: 262329
SP: 28166
SP: 27720
SP: 19873
SP: 28640
SP: 28140
SP: 28360
SP: 262822
SP: 61813
SP: 262609
SP: 262757
SP: 53100
SP: 11644
SP: 53114
SP: 33182
SP: 16509
SP: 262669
SP: 27693
SP: 52896
SP: 28669
SP: 28580
SP: 28654
SP: 263019
SP: 262620
SP: 264417
SP: 262336
SP: 14840
SP: 264543
SP: 262561
SP: 28158
SP: 28216
SP: 53118
SP: 262785
SP: 28663
SP: 53101
SP: 262891
SP: 28267
SP: 28207
SP: 28649
SP: 15180
SP: 262647
SP: 262664
SP: 8055
SP: 28647
SP: 263314
SP: 52613
SP: 52962
SP: 13335
SP: 61924
SP: 28247
SP: 262684
SP: 53065
SP: 28576
SP: 53139
SP: 262906
SP: 53145
SP: 52697
SP: 53079
SP: 61898
SP: 262688
SP: 13878
SP: 53111
SP: 264135
SP: 52640
SP: 263071
SP: 53171
SP: 20406
SP: 28212
SP: 28229
SP: 262585
SP: 264141
SP: 52977
SP: 262965
SP: 262749
SP: 52527
SP: 23105
SP: 263307
SP: 10733
SP: 17222
SP: 28153
SP: 52861
SP: 53070
SP: 263042
SP: 53112
SP: 53113
SP: 53222
SP: 28169
SP: 14204
SP: 52550
SP: 262807
SP: 262729
SP: 53192
SP: 30081
SP: 61951
SP: 53185
SP: 53166
SP: 262660
SP: 263265
SP: 264397
SP: 264574
SP: 28347
SP: 52866
SP: 28665
SP: 262428
SP: 262449
SP: 263055
SP: 61765
SP: 52836
SP: 61882
SP: 262446
SP: 262558
SP: 28294
SP: 262301
SP: 61915
SP: 28340
SP: 262464
SP: 262805
SP: 53221
SP: 53142
SP: 61782
SP: 23002
SP: 61914
SP: 53218
SP: 53037
SP: 262394
SP: 31529
SP: 52887
SP: 28272
SP: 28165
SP: 53131
SP: 53066
SP: 262463
SP: 262903
SP: 53097
SP: 52568
SP: 28605
SP: 52631
SP: 61683
SP: 52941
SP: 28309
SP: 52803
SP: 264360
SP: 262363
SP: 61720
SP: 26609
SP: 36408
SP: 52877
SP: 53102
SP: 28163
SP: 53125
SP: 16685
SP: 262493
SP: 53158
SP: 52660
SP: 263113
SP: 262435
SP: 52736
SP: 52573
SP: 53082
SP: 61440
SP: 262792
SP: 262333
SP: 28661
SP: 262695
SP: 53068
SP: 263421
SP: 262412
SP: 264173
SP: 53144
SP: 53072
SP: 28122
SP: 52987
SP: 28288
SP: 262833
SP: 28195
SP: 262294
SP: 262861
SP: 263405
SP: 263099
SP: 263471
SP: 262733
SP: 263544
SP: 262828
SP: 28571
SP: 262354
SP: 262742
SP: 52689
SP: 262720
SP: 53208
SP: 23074
SP: 28644
SP: 28670
SP: 28593
SP: 28171
SP: 52775
SP: 263357
SP: 53135
SP: 28269
SP: 263328
SP: 7162
SP: 22085
SP: 22689
SP: 61640
SP: 28328
SP: 52880
SP: 28331
SP: 262545
SP: 262420
SP: 262557
SP: 2906
SP: 263663
SP: 28189
SP: 264590
SP: 52783
SP: 52915
SP: 7048
SP: 28151
SP: 263504
SP: 263541
SP: 28161
SP: 53146
SP: 28254
SP: 53165
SP: 262690
SP: 262680
SP: 28327
SP: 262794
SP: 16736
SP: 52777
SP: 53242
SP: 264538
SP: 263332
SP: 53154
SP: 262775
SP: 52869
SP: 262539
SP: 263035
SP: 262516
SP: 28637
SP: 28175
SP: 20144
SP: 53088
SP: 262988
SP: 52824
SP: 52892
SP: 262731
SP: 263442
SP: 12136
SP: 28280
SP: 14650
SP: 262732
SP: 28630
SP: 28233
SP: 52681
SP: 52944
SP: 263449
SP: 14571
SP: 262979
SP: 28275
SP: 262532
SP: 262372
SP: 264182
SP: 262413
SP: 52668
SP: 53013
SP: 263353
SP: 262883
SP: 263603
SP: 28191
SP: 262730
SP: 264552
SP: 52841
SP: 264425
SP: 53008
SP: 28209
SP: 263535
SP: 262344
SP: 52884
SP: 28239
SP: 53178
SP: 28300
SP: 28591
SP: 52828
SP: 263631
SP: 263525
SP: 263128
SP: 262409
SP: 28206
SP: 132591
SP: 264223
SP: 263269
SP: 28657
SP: 264179
SP: 262865
SP: 28334
SP: 28604
SP: 28132
SP: 52604
SP: 52795
SP: 28636
SP: 61949
SP: 22431
SP: 15133
SP: 61935
SP: 28204
SP: 262700
SP: 262686
SP: 262499
SP: 53104
SP: 263589
SP: 262353
SP: 28201
SP: 53001
SP: 263518
SP: 30122
SP: 53059
SP: 262501
SP: 10362
SP: 53234
SP: 52686
SP: 61650
SP: 52571
SP: 263087
SP: 27715
SP: 263626
SP: 263461
SP: 28573
SP: 262631
SP: 28311
SP: 12956
SP: 262902
SP: 262901
SP: 262401
SP: 28310
SP: 28187
SP: 264523
SP: 263608
SP: 262544
SP: 28590
SP: 262721
SP: 263513
SP: 61769
SP: 23128
SP: 262658
SP: 52650
SP: 264389
SP: 262288
SP: 28615
SP: 262780
SP: 52851
SP: 262320
SP: 262856
SP: 262938
SP: 53130
SP: 52846
SP: 28270
SP: 28001
SP: 28258
SP: 21911
SP: 262518
SP: 53187
SP: 262632
SP: 28589
SP: 263080
SP: 264492
SP: 20121
SP: 28277
SP: 14026
SP: 262787
SP: 262448
SP: 28359
SP: 262737
SP: 13357
SP: 53175
SP: 262879
SP: 53179
533
Existent Peers: 424
[18881 53237, 25933 263442, 18881 262476, 18881 28343, 16735 262448, 25933 262464, 14868 262544, 18881 52660, 52660 28125, 16735 14868, 14868 53088, 262589 28343, 18881 53202, 16735 262761, 262589 27724, 393742 262805, 22356 8055, 263444 28207, 18881 14840, 14840 52869, 28666 262463, 14840 53175, 262659 12989, 12989 16735, 262599 28233, 14840 28642, 22356 28666, 28666 53013, 16735 28258, 28329 264173, 16735 262650, 262778 28267, 16397 28349, 12989 52937, 16735 28163, 393742 52752, 16397 53008, 53008 28349, 18881 262688, 18881 53158, 18881 61568, 53224 28340, 12989 262454, 18881 52610, 16735 262372, 25933 262891, 16735 11432, 53143 28349, 263444 53059, 28303 53222, 12989 28634, 22177 262778, 16735 52573, 18881 25933, 18881 262725, 18881 262822, 28303 262695, 14840 53222, 28299 52610, 12989 28625, 28625 2906, 27724 28151, 262659 52579, 16735 28125, 262476 52573, 18881 52977, 12989 52925, 14840 52861, 16735 28589, 18881 28279, 12989 52840, 52840 53158, 16397 52691, 4809 28329, 61568 52568, 28329 28340, 12989 53131, 264173 262737, 18881 263042, 18881 263416, 18881 20940, 25933 52681, 262310 52962, 14840 52892, 14840 262907, 16735 53171, 18881 263099, 16735 28263, 4809 28666, 28360 263099, 16397 262743, 263444 28224, 22356 21911, 18881 262320, 25933 28169, 18881 28224, 28329 28669, 18881 262828, 18881 52696, 18881 262669, 12989 263432, 14840 262883, 263444 28654, 28625 1251, 16397 53013, 14868 263042, 12989 262413, 16735 53102, 18881 28283, 28303 52775, 28283 262907, 18881 28360, 28666 263513, 28226 52941, 16735 52689, 28258 53139, 28625 52668, 52579 263314, 262476 28640, 28303 262544, 16735 28201, 28201 28360, 16735 28649, 18881 262434, 52720 52873, 262589 263055, 28329 262632, 16397 61951, 18881 52783, 262589 28146, 18881 28359, 16735 262659, 52551 52736, 16735 262785, 22356 28668, 14840 28186, 28186 28615, 16735 263504, 27724 36408, 28135 52777, 28303 52604, 18881 262775, 18881 262700, 262589 262369, 262659 262493, 262907 52734, 18881 262435, 16397 262446, 28576 53100, 28306 262780, 16735 263544, 28303 52861, 28329 262502, 52840 262401, 18881 28155, 22381 262429, 18881 10733, 28329 263432, 28329 263471, 52840 262690, 16735 28171, 22177 52941, 16735 28279, 14840 28155, 28329 262394, 28250 262336, 16397 53154, 16735 262699, 14840 263416, 52550 28271, 262589 28306, 12989 262765, 18881 11432, 28306 53059, 53059 28229, 262589 263631, 11432 52571, 13878 7162, 7162 12989, 16735 263469, 52752 53169, 53169 262589, 262589 53061, 16397 53143, 262589 53184, 52752 61782, 28250 263460, 16735 262730, 18881 263077, 262589 28625, 18881 53139, 22548 30122, 25933 262544, 25933 262879, 393742 262402, 263444 262684, 18881 52547, 262394 52547, 52752 53158, 16735 27693, 16735 28306, 53066 28591, 18881 28670, 28329 263469, 16735 262476, 14840 2906, 262589 28580, 28580 28657, 14840 52568, 28283 263113, 262589 11835, 18881 28605, 18881 263518, 263444 28250, 16735 28360, 393742 28191, 18881 263265, 28368 262532, 25933 61915, 27724 12956, 22381 262585, 28598 61813, 61813 20940, 28329 52896, 262589 52962, 28306 28229, 53162 52668, 16735 262353, 28303 61769, 52579 262420, 28329 52686, 28124 53104, 53171 52678, 14840 262544, 18881 28636, 14868 28158, 12989 28294, 22356 28299, 28224 53238, 28625 262731, 22177 28254, 28303 264141, 12989 53237, 262760 263626, 262589 28299, 18881 27715, 18881 262449, 12989 15133, 28663 61813, 28580 52887, 28663 21911, 18881 28615, 28669 52571, 12989 28198, 16397 262666, 16735 28591, 53059 262730, 393742 11835, 18881 28135, 28303 28283, 14840 61769, 28171 263019, 25933 11432, 23106 11432, 28666 52908, 16735 262807, 16397 263471, 18881 53112, 28303 53192, 263444 28153, 28303 262539, 16735 264417, 1251 53166, 28347 28198, 18881 262856, 28343 11835, 16735 28665, 16735 28277, 18881 28169, 18881 52846, 16397 262463, 18881 262605, 25933 52869, 16735 28151, 28303 53175, 52925 264492, 22356 28124, 18881 28299, 53162 28618, 18881 262675, 52925 28630, 28250 52631, 27724 53135, 262760 262363, 52840 262777, 28303 53061, 14868 22689, 16735 52783, 262589 262695, 16735 262777, 28329 262620, 18881 16685, 16685 263071, 28634 262518, 25933 28605, 14840 262891, 16735 10733, 10733 263332, 4809 262807, 16397 28165, 1916 262742, 25933 262695, 14840 53192, 28303 52977, 14840 61720, 28669 262558, 18881 53066, 262589 53135, 18881 26609, 18881 262737, 22356 263461, 16735 262336, 28250 28640, 28173 262557, 28250 264552, 262589 28271, 16735 28247, 16735 262700, 262493 14463, 22356 27715, 18881 262902, 16735 262428, 16735 262375, 18881 262720, 23106 262336, 11835 28359, 18881 28158, 18881 262749, 16735 28669, 1916 52888, 61568 28661, 16397 28272, 1251 52888, 262589 262344, 52752 264574, 18881 263589, 53162 263047, 263047 263057, 28368 52824, 53237 52892, 52941 28666, 28666 52527, 27693 53008, 28166 52795, 18881 52775, 28124 262420, 28239 61640, 28329 53158, 16397 262787, 18881 262288, 52873 28615, 28329 52678, 28329 263328, 16397 262420, 28329 28327, 262761 262699, 18881 53072, 22356 28206, 28303 52734, 16735 262690, 262589 27693, 16735 28280, 16735 28138, 18881 28258, 23106 53072, 27724 263047, 11432 52795, 15180 53208, 28669 61898, 16397 61440, 18881 262557, 28283 262605, 14840 262502, 14840 52828, 16735 262988, 12989 262699, 16735 28311, 52941 52527, 14868 262979, 393742 52686, 16397 262744, 1916 53187, 27724 53111, 16735 262729, 12989 28171, 28343 53238, 262420 28349, 28226 52866, 28124 28352, 28250 262733, 262733 28207, 16735 53059, 18881 53144, 16735 28327, 262589 53142, 262733 263087, 16735 262721, 16735 52987, 18881 52873, 263444 28198, 12989 28649, 1916 1251, 11432 53208, 28306 263432, 262589 52689, 16397 262833, 16735 28330, 16735 28195, 18881 262660, 12989 28640, 262743 263535, 28368 262901, 52752 263432, 28343 263444]
	VIX
start function: AS_Connect_PTT [2015-08-23 19:44:55] 
VIX: 263080
VIX: 262822
VIX: 52988
VIX: 53203
VIX: 18881
VIX: 14026
VIX: 1916
VIX: 28328
VIX: 28173
VIX: 53022
VIX: 28139
VIX: 262474
VIX: 52550
VIX: 52945
VIX: 262789
VIX: 262676
VIX: 26162
VIX: 28573
VIX: 262288
19
Existent Peers: 93
[262822 18881, 52988 263080, 53203 18881, 14026 18881, 52988 18881, 263080 18881, 53203 1916, 262822 52988, 14026 263080, 263080 1916, 28328 1916, 262822 1916, 262822 28173, 53203 28173, 53203 28328, 53203 263080, 263080 262474, 53203 52988, 14026 28173, 52988 53022, 52988 1916, 18881 52550, 53203 262822, 52988 28173, 263080 262676, 14026 1916, 28328 28173, 263080 262822, 14026 262822, 262822 262474, 262822 28573, 18881 262676, 14026 262288, 14026 28573, 18881 262288, 52988 262676, 18881 262789, 53203 262789, 53203 28139, 14026 262676, 28328 53022, 53203 26162, 53203 262474, 14026 53203, 263080 28573, 262822 53022, 52988 28139, 28139 262822, 263080 262288, 53203 53022, 263080 52550, 263080 28328, 28328 262676, 262676 262474, 263080 28173, 262822 28328, 18881 28573, 263080 52945, 28328 262474, 14026 52988, 263080 28139, 53203 28573, 18881 28173, 53203 52550, 53203 262288, 52988 262474, 263080 53022, 14026 262474, 14026 28328, 52988 262288, 28328 262789, 263080 262789, 28328 52550, 262822 52550, 262822 262789, 262822 26162, 14026 262789, 14026 26162, 52988 28573, 14026 28139, 52988 262789, 28328 28573, 262822 262676, 52988 52550, 28328 262288, 14026 52550, 28328 28139, 14026 53022, 52988 26162, 263080 26162, 53203 262676, 262822 262288, 28328 26162]
CSV file was created successfully !!!
Execution time: 734ms
End function: Density [2015-08-23 19:44:55] 
End
