Start
	AME
start function: AS_Connect_PTT [2015-07-24 11:59:13] 
AME: 28289
AME: 53131
AME: 16735
AME: 28573
AME: 14026
5
Existent Peers: 7
[28289 53131, 53131 16735, 28289 16735, 16735 14026, 28289 28573, 16735 28573, 28289 14026]
	BA
start function: AS_Connect_PTT [2015-07-24 11:59:14] 
BA: 28135
BA: 53242
BA: 1916
BA: 18881
BA: 14026
BA: 262687
BA: 28186
BA: 52873
BA: 52720
BA: 61919
BA: 53071
BA: 10906
BA: 61902
BA: 28346
BA: 52960
BA: 25832
BA: 52999
BA: 262868
BA: 20144
BA: 53164
BA: 28573
BA: 28615
22
Existent Peers: 85
[28135 18881, 53242 18881, 14026 18881, 18881 262687, 14026 53242, 53242 1916, 28135 1916, 1916 18881, 262687 52720, 28135 52720, 14026 28186, 14026 20144, 28346 52720, 52720 52873, 28135 262687, 28135 28186, 14026 1916, 53242 28186, 28186 52999, 53242 28135, 53242 52720, 14026 53164, 52720 52960, 14026 52873, 52873 61902, 18881 52873, 28135 61919, 28135 61902, 14026 52720, 14026 28573, 53242 52960, 52720 262868, 53242 10906, 14026 28346, 28135 52960, 28135 14026, 28135 28346, 52720 61919, 28135 25832, 28186 28615, 14026 262687, 53242 61902, 53242 262687, 53242 52873, 53242 262868, 28135 53164, 1916 52720, 53242 20144, 53242 28615, 18881 28573, 28135 28573, 18881 28186, 53242 61919, 1916 53164, 14026 52960, 14026 61919, 53242 52999, 18881 28615, 28135 53071, 53242 53164, 14026 61902, 53242 28573, 1916 28615, 1916 61902, 1916 20144, 1916 52999, 28135 52873, 53242 53071, 1916 28573, 28135 52999, 14026 53071, 28135 262868, 14026 25832, 53242 25832, 14026 262868, 14026 10906, 14026 52999, 28135 20144, 14026 28615, 1916 61919, 1916 52873, 1916 28346, 28135 10906, 52960 262687, 28135 28615]
	BEL
start function: AS_Connect_PTT [2015-07-24 11:59:14] 
BEL: 262492
BEL: 53237
BEL: 1916
BEL: 262864
BEL: 53016
BEL: 28188
BEL: 20144
BEL: 262378
BEL: 12136
BEL: 262753
BEL: 28573
BEL: 262511
BEL: 14026
13
Existent Peers: 22
[262492 1916, 262492 53237, 53237 1916, 262492 14026, 53237 20144, 262492 262511, 53237 53016, 53237 262378, 53237 262753, 53237 28573, 53237 12136, 262492 20144, 262492 53016, 262492 262753, 53237 28188, 53237 14026, 262492 28188, 262492 12136, 1916 262511, 262492 28573, 262492 262864, 53237 262864]
	CAS
start function: AS_Connect_PTT [2015-07-24 11:59:15] 
CAS: 52579
CAS: 53116
CAS: 28580
CAS: 53102
CAS: 18881
CAS: 16735
CAS: 28329
CAS: 52925
CAS: 8075
CAS: 22177
CAS: 28667
CAS: 262717
CAS: 28649
CAS: 28229
CAS: 262729
CAS: 53038
CAS: 53158
CAS: 20144
CAS: 262509
CAS: 52686
CAS: 28573
CAS: 262780
CAS: 11284
CAS: 14026
CAS: 53140
25
Existent Peers: 76
[53102 16735, 53102 18881, 53116 18881, 53116 16735, 52579 28667, 16735 262729, 53102 28329, 52579 28229, 22177 53158, 53102 8075, 53116 20144, 28580 28229, 53116 8075, 16735 262717, 16735 28573, 28580 262509, 53116 53140, 28329 53158, 53116 11284, 53116 28229, 18881 28580, 52579 53102, 28580 262780, 52579 262729, 53116 28329, 52579 28329, 52579 18881, 22177 52686, 53102 28580, 16735 262780, 16735 28649, 52579 20144, 52579 53038, 18881 53158, 52579 52925, 53116 52579, 16735 53038, 16735 28329, 53116 262717, 53102 20144, 53116 262509, 53116 262780, 53116 22177, 52579 52686, 53116 53158, 16735 28229, 16735 20144, 28580 262729, 18881 22177, 53116 52925, 53102 53158, 52579 262780, 16735 53140, 52579 28573, 53102 53038, 53102 22177, 53116 28667, 16735 14026, 52579 262717, 53102 52925, 53116 53038, 53116 14026, 53102 28573, 18881 28573, 52579 28649, 53102 262717, 53116 28573, 52579 22177, 53116 52686, 53116 53102, 53116 28580, 52579 53158, 53116 28649, 52579 14026, 52579 53140, 53116 262729]
	CE
start function: AS_Connect_PTT [2015-07-24 11:59:16] 
CE: 1916
CE: 28598
CE: 262475
CE: 26162
CE: 18881
CE: 14026
CE: 262532
CE: 28368
CE: 262727
CE: 263311
CE: 52965
CE: 52981
CE: 11921
CE: 28190
CE: 28225
CE: 20144
CE: 12136
CE: 262943
CE: 262716
CE: 262706
CE: 28573
CE: 28197
CE: 28270
23
Existent Peers: 104
[26162 18881, 262475 18881, 28598 18881, 14026 18881, 1916 18881, 14026 28368, 28598 52965, 14026 28598, 18881 52965, 14026 262475, 262475 28368, 26162 1916, 262532 1916, 26162 52981, 1916 52965, 14026 20144, 28368 262716, 1916 28598, 28598 262727, 28598 28368, 14026 1916, 262475 1916, 14026 52965, 14026 262727, 262532 262475, 1916 28368, 28598 28197, 28598 28225, 262475 52965, 262475 28598, 26162 28368, 262475 262943, 14026 28573, 262532 263311, 26162 262727, 262475 262706, 26162 28598, 262475 11921, 262475 28197, 26162 28190, 26162 11921, 262475 262727, 28598 262943, 28598 52981, 1916 28197, 28368 262532, 1916 262943, 1916 262727, 262475 28270, 1916 52981, 263311 52981, 1916 11921, 14026 262716, 28598 11921, 28598 20144, 52965 262943, 26162 28573, 1916 28190, 28598 28270, 26162 14026, 14026 11921, 262475 28573, 52981 262943, 28598 262706, 26162 262716, 28598 28573, 26162 262532, 26162 20144, 28598 262716, 1916 263311, 262475 28225, 262475 52981, 28368 28190, 14026 263311, 28598 28190, 262475 12136, 262532 28598, 262475 263311, 1916 20144, 26162 28270, 26162 12136, 14026 262532, 1916 28225, 1916 28573, 14026 52981, 14026 28225, 26162 28225, 14026 12136, 14026 262943, 1916 262716, 26162 263311, 28368 28225, 1916 262706, 28598 263311, 14026 28197, 28598 12136, 26162 262475, 262475 28190, 14026 262706, 262475 262716, 14026 28270, 14026 28190, 1916 28270, 262475 20144]
	CGB
start function: AS_Connect_PTT [2015-07-24 11:59:16] 
CGB: 28635
CGB: 262526
CGB: 28602
CGB: 1916
CGB: 14026
CGB: 262527
6
Existent Peers: 11
[28635 262526, 262526 1916, 28635 1916, 28602 1916, 14026 1916, 28602 28635, 28602 262526, 262526 262527, 28635 14026, 262526 14026, 14026 28602]
	CPV
start function: AS_Connect_PTT [2015-07-24 11:59:17] 
CPV: 1916
CPV: 28135
CPV: 53093
CPV: 262400
CPV: 18881
CPV: 26162
CPV: 52777
CPV: 262773
CPV: 14026
9
Existent Peers: 23
[28135 18881, 53093 18881, 262400 18881, 1916 18881, 53093 1916, 28135 1916, 262400 1916, 26162 18881, 18881 262773, 53093 28135, 262400 28135, 28135 52777, 28135 262773, 26162 28135, 28135 14026, 53093 14026, 18881 14026, 1916 14026, 53093 262400, 262400 52777, 53093 52777, 1916 52777, 262400 14026]
	CXJ
start function: AS_Connect_PTT [2015-07-24 11:59:18] 
CXJ: 28169
CXJ: 18881
CXJ: 14840
CXJ: 14026
4
Existent Peers: 5
[28169 18881, 28169 14840, 18881 14840, 18881 14026, 28169 14026]
	DF
start function: AS_Connect_PTT [2015-07-24 11:59:18] 
DF: 53237
DF: 14026
DF: 18881
DF: 28587
DF: 16735
DF: 1916
DF: 28329
DF: 28303
DF: 17379
DF: 262476
DF: 262827
DF: 14840
DF: 262839
DF: 22515
DF: 25933
DF: 28327
DF: 20144
DF: 12136
DF: 28573
DF: 10954
DF: 262721
DF: 28629
DF: 52858
DF: 26218
24
Existent Peers: 57
[53237 18881, 14026 17379, 14026 18881, 14026 16735, 53237 25933, 53237 16735, 14026 28329, 18881 25933, 14026 14840, 53237 28303, 53237 1916, 14026 28303, 18881 262476, 14026 20144, 53237 28329, 14026 262476, 14026 1916, 14026 53237, 53237 14840, 18881 28629, 16735 28327, 18881 14840, 53237 20144, 14026 28573, 14026 262827, 28329 262827, 18881 22515, 53237 262827, 53237 28573, 53237 12136, 18881 262721, 28329 262839, 14026 28587, 14026 52858, 14026 22515, 16735 262476, 18881 28327, 53237 262476, 14026 26218, 14026 262839, 18881 262839, 16735 262839, 14026 12136, 16735 28573, 16735 28329, 16735 20144, 14026 262721, 18881 26218, 14026 10954, 14026 28629, 53237 262839, 14026 28327, 14026 25933, 18881 28329, 16735 52858, 18881 28573, 18881 262827]
	GYN
start function: AS_Connect_PTT [2015-07-24 11:59:18] 
GYN: 53237
GYN: 18881
GYN: 262565
GYN: 262878
GYN: 16735
GYN: 28329
GYN: 262476
GYN: 262952
GYN: 52940
GYN: 28309
GYN: 53171
GYN: 262869
GYN: 28279
GYN: 28326
GYN: 262993
GYN: 28573
GYN: 14026
17
Existent Peers: 60
[18881 53237, 262565 18881, 262878 18881, 262565 16735, 262878 16735, 18881 262476, 53237 16735, 262565 28309, 262565 28329, 262878 53237, 16735 28309, 53237 28329, 262878 53171, 53171 52940, 262878 262476, 262565 262476, 53237 28309, 53237 262952, 16735 53171, 16735 262476, 16735 262869, 262565 53237, 53237 28279, 18881 28309, 53237 28326, 18881 28279, 262878 28309, 28329 28326, 28329 52940, 28329 262993, 16735 14026, 16735 28279, 262869 262993, 262565 262993, 262565 28279, 262565 53171, 18881 262993, 53237 28573, 53237 53171, 262565 28326, 262878 14026, 262878 262993, 18881 14026, 53237 262476, 18881 28326, 262878 28279, 262878 28573, 262565 262952, 262476 262952, 16735 28573, 262878 262565, 16735 28329, 53237 14026, 262878 262952, 28329 262878, 262565 28573, 16735 262952, 16735 28326, 18881 28329, 18881 28573]
	LAJ
start function: AS_Connect_PTT [2015-07-24 11:59:18] 
LAJ: 25933
LAJ: 28259
LAJ: 262464
LAJ: 262441
LAJ: 52751
5
Existent Peers: 4
[25933 262464, 25933 52751, 25933 28259, 25933 262441]
	LDA
start function: AS_Connect_PTT [2015-07-24 11:59:18] 
LDA: 18881
LDA: 14868
LDA: 262493
LDA: 28663
LDA: 14282
LDA: 262355
LDA: 28287
LDA: 262756
LDA: 22356
LDA: 53065
LDA: 262688
LDA: 263538
LDA: 22689
LDA: 20144
LDA: 262865
LDA: 8167
LDA: 52544
LDA: 11284
LDA: 28193
LDA: 14026
LDA: 28359
LDA: 262451
22
Existent Peers: 8
[14868 53065, 14282 263538, 18881 28359, 28359 262688, 18881 262865, 18881 53065, 14282 52544, 22689 262451]
	MAO
start function: AS_Connect_PTT [2015-07-24 11:59:18] 
MAO: 263450
MAO: 14026
MAO: 263434
MAO: 262486
MAO: 263098
MAO: 28573
6
Existent Peers: 11
[263450 263434, 14026 263450, 14026 28573, 263450 262486, 263434 14026, 14026 263098, 14026 262486, 263434 262486, 263434 28573, 263450 28573, 263434 263098]
	MG
start function: AS_Connect_PTT [2015-07-24 11:59:18] 
MG: 28360
MG: 1916
MG: 18881
MG: 16735
MG: 23106
MG: 14026
MG: 28329
MG: 28250
MG: 263460
MG: 10670
MG: 28268
MG: 262733
MG: 262552
MG: 53072
MG: 21574
MG: 28616
MG: 20144
MG: 12136
MG: 28201
MG: 20044
MG: 28573
MG: 262448
22
Existent Peers: 79
[28360 16735, 28360 18881, 1916 16735, 14026 18881, 14026 16735, 1916 18881, 28360 1916, 14026 23106, 14026 28329, 28360 28250, 16735 262448, 23106 53072, 28360 12136, 28360 28329, 16735 10670, 1916 23106, 14026 262733, 14026 28360, 16735 28616, 14026 20144, 16735 262733, 1916 28250, 28250 28268, 14026 1916, 16735 28250, 1916 28329, 14026 28250, 28360 23106, 28329 28250, 28250 263460, 16735 20044, 16735 28201, 16735 21574, 28360 28268, 28360 28201, 14026 28573, 28360 21574, 1916 263460, 14026 21574, 14026 20044, 1916 28201, 14026 28201, 28250 262448, 1916 53072, 16735 18881, 1916 28268, 28250 262552, 1916 262552, 14026 28616, 1916 21574, 28360 263460, 14026 262448, 28360 20044, 14026 28268, 14026 262552, 28360 262733, 28360 10670, 1916 262733, 16735 28329, 1916 20044, 28360 262552, 14026 10670, 28360 20144, 1916 20144, 28360 262448, 1916 262448, 1916 28573, 28360 28573, 14026 12136, 1916 10670, 1916 28616, 16735 20144, 14026 263460, 18881 53072, 28360 28616, 28360 53072, 14026 53072, 18881 20044, 16735 28573]
	MGF
start function: AS_Connect_PTT [2015-07-24 11:59:19] 
MGF: 14868
MGF: 262355
MGF: 14282
MGF: 262548
MGF: 53115
MGF: 263076
MGF: 262621
MGF: 263647
MGF: 262322
MGF: 263329
MGF: 28573
MGF: 262956
MGF: 262289
MGF: 262500
MGF: 262865
15
Existent Peers: 23
[14868 262355, 14868 53115, 14868 263329, 262355 263647, 262355 262956, 14868 14282, 53115 262621, 14282 263076, 14868 262322, 14282 262865, 14868 263647, 262355 262548, 14868 262621, 14868 28573, 262355 263329, 14868 262289, 14868 262548, 14282 262289, 14868 262956, 262355 262500, 262355 262289, 53115 262322, 14868 263076]
	NAT
start function: AS_Connect_PTT [2015-07-24 11:59:19] 
NAT: 262876
NAT: 1916
NAT: 28135
NAT: 28184
NAT: 14026
NAT: 262857
NAT: 28220
NAT: 11644
NAT: 28339
NAT: 20144
NAT: 28573
11
Existent Peers: 41
[262876 1916, 262876 28220, 1916 28135, 14026 20144, 28184 28220, 14026 1916, 28184 14026, 28184 1916, 28184 262876, 14026 28220, 28184 28135, 14026 28135, 28135 11644, 14026 262876, 14026 28573, 262876 28135, 1916 28220, 28184 28339, 28135 28339, 28220 28339, 262876 20144, 14026 11644, 28135 28573, 1916 262857, 28184 262857, 28184 20144, 262876 11644, 1916 20144, 262876 28339, 28135 262857, 1916 28573, 28184 28573, 28184 11644, 1916 11644, 28135 20144, 1916 28339, 14026 28339, 28135 28220, 262876 28573, 262876 262857, 14026 262857]
	PE
start function: AS_Connect_PTT [2015-07-24 11:59:20] 
PE: 1916
PE: 28615
PE: 28135
PE: 52965
PE: 10938
PE: 28661
PE: 53144
PE: 28252
PE: 28310
PE: 28573
PE: 14026
11
Existent Peers: 28
[28135 52965, 28615 1916, 28615 52965, 28135 1916, 28615 28310, 1916 52965, 28615 28661, 28135 53144, 28615 28135, 28615 28252, 28135 14026, 52965 53144, 28615 28573, 1916 28661, 28615 53144, 28615 14026, 1916 14026, 28135 28573, 28135 28252, 28135 28310, 28615 10938, 1916 28310, 1916 28573, 1916 10938, 28135 10938, 1916 53144, 1916 28252, 28135 28661]
	PR
start function: AS_Connect_PTT [2015-07-24 11:59:20] 
PR: 262589
PR: 3549
PR: 18881
PR: 11835
PR: 1916
PR: 25933
PR: 8167
PR: 28267
PR: 28303
PR: 52976
PR: 22356
PR: 14868
PR: 28343
PR: 14840
PR: 262318
PR: 14282
PR: 53046
PR: 262778
PR: 263083
PR: 28299
PR: 10881
PR: 28663
PR: 11644
PR: 11751
PR: 263076
PR: 262970
PR: 28202
PR: 28271
PR: 12140
PR: 13522
PR: 262354
PR: 262790
PR: 22689
PR: 263055
PR: 20144
PR: 14650
PR: 10412
PR: 19723
PR: 28591
PR: 28573
PR: 23128
PR: 28193
PR: 14026
43
Existent Peers: 33
[28267 11751, 3549 11835, 262318 13522, 3549 14282, 262778 28267, 3549 18881, 18881 25933, 3549 28299, 3549 262354, 10881 53046, 3549 28271, 10881 28193, 3549 14868, 14868 53046, 10881 263083, 262778 11751, 18881 14840, 3549 25933, 22356 28299, 18881 28299, 8167 12140, 3549 28591, 3549 14840, 10881 10412, 8167 14282, 52976 12140, 14840 28591, 3549 22689, 3549 262318, 10881 13522, 28343 11835, 3549 28202, 10881 11751]
	RJ
start function: AS_Connect_PTT [2015-07-24 11:59:20] 
RJ: 1916
RJ: 28271
RJ: 262589
RJ: 52962
RJ: 26592
RJ: 18881
RJ: 263499
RJ: 14026
RJ: 16735
RJ: 52550
RJ: 52937
RJ: 26609
RJ: 27720
RJ: 2715
RJ: 262534
RJ: 28338
RJ: 15169
RJ: 11432
RJ: 262609
RJ: 11644
RJ: 262450
RJ: 16509
RJ: 52781
RJ: 28366
RJ: 26615
RJ: 28202
RJ: 28658
RJ: 17222
RJ: 263363
RJ: 28665
RJ: 28333
RJ: 53037
RJ: 28301
RJ: 262854
RJ: 263658
RJ: 262310
RJ: 23074
RJ: 2906
RJ: 10704
RJ: 262403
RJ: 262724
RJ: 20144
RJ: 28166
RJ: 262663
RJ: 28604
RJ: 53225
RJ: 28165
RJ: 28573
RJ: 263395
RJ: 53157
RJ: 263390
51
Existent Peers: 271
[52962 262589, 28271 53037, 1916 16735, 52962 16735, 1916 26615, 52962 18881, 263499 52550, 14026 18881, 263499 18881, 263499 16735, 28271 262589, 14026 262589, 1916 262589, 263499 262589, 1916 18881, 262589 52937, 28271 18881, 14026 16735, 28271 1916, 28271 28604, 28271 16735, 14026 26592, 52962 28658, 52962 1916, 26592 1916, 52962 26592, 263499 1916, 263499 262609, 14026 26609, 1916 262854, 26592 18881, 16735 28166, 26592 262310, 28271 2906, 16735 11432, 52962 262609, 262589 28658, 263499 26592, 14026 20144, 16735 28604, 14026 27720, 52962 28366, 1916 262310, 262589 262854, 28271 262403, 14026 1916, 1916 15169, 263499 26609, 16735 20144, 52962 15169, 16735 26609, 16735 28202, 263499 15169, 14026 15169, 28271 17222, 28271 26592, 26592 262724, 52962 52937, 262589 28165, 28271 15169, 1916 28658, 14026 28301, 1916 27720, 52962 28338, 28271 262310, 28271 2715, 1916 262663, 14026 17222, 52962 28202, 1916 28165, 14026 262854, 14026 16509, 52962 52550, 28338 263499, 263499 262310, 1916 10704, 52962 26609, 28271 52550, 14026 52550, 28271 28338, 14026 11432, 52962 263390, 1916 28333, 14026 262663, 1916 17222, 14026 10704, 14026 28573, 263499 53225, 53225 52550, 1916 28338, 14026 28338, 52962 262854, 263499 17222, 1916 52550, 52962 28166, 263499 262854, 16735 28665, 1916 28202, 263499 52781, 52962 17222, 263499 2715, 263499 2906, 52962 28333, 52962 28271, 28271 53225, 28271 28166, 1916 262609, 14026 28271, 14026 53157, 1916 263363, 52962 262403, 18881 262663, 28271 26609, 28271 10704, 18881 26609, 14026 28366, 52962 53225, 52962 262310, 14026 26615, 1916 53225, 52962 263363, 28271 262450, 52962 14026, 263499 52937, 14026 28604, 52962 263395, 27720 262403, 28271 28333, 52962 11432, 263499 27720, 14026 262724, 263499 28165, 28271 263390, 26592 17222, 14026 262609, 14026 28202, 28271 11432, 1916 28665, 14026 23074, 28271 27720, 1916 26609, 14026 52937, 26592 15169, 26592 28165, 28271 28573, 1916 262534, 28271 52781, 263499 11644, 52962 2715, 18881 11432, 263499 28604, 14026 53037, 28271 262724, 14026 53225, 52962 23074, 263499 262534, 1916 11432, 26615 28202, 263499 28202, 28271 28202, 28271 16509, 52962 53037, 11432 28165, 14026 11644, 262589 27720, 28271 52937, 263499 28301, 28271 262534, 263499 28166, 28271 53157, 28271 263363, 52962 27720, 28271 28165, 1916 28604, 263499 20144, 28271 11644, 52962 262534, 1916 28166, 14026 263390, 14026 262403, 28271 28301, 28271 263658, 14026 262534, 263499 28366, 52962 53157, 52962 20144, 1916 23074, 263499 28658, 263499 53037, 263499 16509, 28271 262854, 263499 263658, 52962 262663, 1916 262724, 26615 53157, 28271 263395, 52962 28165, 263499 10704, 52962 11644, 263499 28271, 1916 52937, 14026 263395, 263499 11432, 52962 28573, 1916 263658, 14026 262310, 14026 28166, 14026 263363, 263499 262450, 52962 262450, 1916 20144, 14026 28658, 1916 53157, 26592 262403, 28338 28366, 14026 28333, 1916 28366, 26592 26609, 1916 52781, 1916 28301, 1916 53037, 1916 28573, 14026 2715, 263499 23074, 263499 263390, 14026 263499, 14026 262450, 1916 16509, 263499 52962, 52962 263658, 263499 262663, 52962 28604, 28271 23074, 52962 2906, 28271 262663, 28271 28366, 1916 11644, 263499 263363, 263499 262724, 52962 16509, 263499 262403, 52962 28665, 26592 28301, 52962 10704, 14026 263658, 1916 2715, 52962 52781, 28271 262609, 14026 28665, 263499 28573, 26592 27720, 1916 262403, 263499 28333, 263499 263395, 263499 28665, 263499 53157, 52962 262724, 28271 20144, 52962 28301, 18881 262450, 1916 262450, 28271 28665, 1916 263395, 26592 28366, 14026 2906, 1916 2906, 1916 263390, 28271 28658, 14026 28165, 28338 10704, 14026 52781]
	RS
start function: AS_Connect_PTT [2015-07-24 11:59:21] 
RS: 61747
RS: 52751
RS: 28141
RS: 262732
RS: 52770
RS: 263003
RS: 22177
RS: 264435
RS: 52851
RS: 53237
RS: 53197
RS: 262308
RS: 52869
RS: 1916
RS: 52734
RS: 52920
RS: 52694
RS: 262879
RS: 52681
RS: 28605
RS: 53165
RS: 19200
RS: 28631
RS: 25933
RS: 2716
RS: 52828
RS: 262903
RS: 53235
RS: 28132
RS: 14026
RS: 262907
RS: 262741
RS: 53223
RS: 22819
RS: 18881
RS: 53234
RS: 28283
RS: 28303
RS: 28299
RS: 262715
RS: 53112
RS: 53169
RS: 53184
RS: 28155
RS: 14840
RS: 53061
RS: 11706
RS: 28146
RS: 262591
RS: 52610
RS: 11644
RS: 28623
RS: 53230
RS: 8674
RS: 262583
RS: 28646
RS: 53145
RS: 262965
RS: 28599
RS: 52799
RS: 10906
RS: 61950
RS: 53053
RS: 28357
RS: 262458
RS: 7465
RS: 262695
RS: 28148
RS: 19611
RS: 53167
RS: 20144
RS: 262794
RS: 28166
RS: 26606
RS: 28134
RS: 262848
RS: 28573
RS: 52841
RS: 262605
79
Existent Peers: 1952
[52751 14840, 28141 52770, 262732 25933, 263003 25933, 264435 28141, 28141 25933, 28141 18881, 52851 25933, 52869 14840, 52734 25933, 52920 25933, 52694 14840, 52920 18881, 262879 25933, 52681 25933, 28605 18881, 19200 18881, 28631 26606, 2716 1916, 52770 18881, 52869 25933, 52851 52770, 52828 14840, 25933 262848, 25933 18881, 52828 18881, 61747 18881, 53197 52770, 19200 2716, 53235 18881, 14840 18881, 61747 53237, 52734 18881, 22177 262907, 52694 52770, 25933 53237, 52751 25933, 14026 18881, 53197 18881, 22177 18881, 53223 18881, 25933 1916, 262741 18881, 52869 18881, 22819 2716, 262732 18881, 262308 262907, 28605 14840, 262732 1916, 61747 1916, 52681 14840, 52681 28303, 19200 28303, 28303 28146, 22819 53169, 52851 18881, 25933 28303, 52681 18881, 53237 22177, 61747 28623, 262903 18881, 28631 18881, 262903 53061, 52694 18881, 28631 14840, 22819 53237, 52920 53145, 53223 262695, 2716 18881, 52694 53237, 53237 53235, 28605 28283, 22819 18881, 52751 28303, 19200 25933, 53237 52770, 52751 52799, 264435 28303, 262741 14840, 262741 53237, 2716 28303, 52869 53237, 28631 25933, 52770 262695, 53235 1916, 1916 28303, 264435 14840, 25933 52610, 52610 28134, 22177 14840, 2716 19611, 53234 18881, 53237 18881, 53223 53145, 52869 52610, 52610 262591, 28283 262907, 28631 28357, 1916 18881, 262741 28303, 264435 25933, 61747 28303, 53197 53237, 52681 28599, 2716 25933, 262741 1916, 52694 28303, 14026 28283, 61747 53145, 53223 25933, 52920 28283, 52770 262907, 53234 53053, 18881 28155, 52694 1916, 52734 52681, 28141 1916, 2716 53237, 262732 262907, 28141 28303, 53053 52841, 53223 28303, 25933 28573, 52828 53237, 52694 28283, 52734 53167, 53167 262458, 262732 14840, 52828 1916, 264435 28155, 262741 22177, 53237 53184, 28303 28283, 52681 53237, 18881 28299, 28141 14840, 52920 28303, 53237 52610, 52610 28141, 22819 14840, 53223 1916, 1916 22177, 52734 52770, 25933 28146, 53234 25933, 52734 28146, 19200 14840, 14026 53235, 53223 28132, 22819 28303, 25933 52770, 22177 25933, 52734 52610, 52920 53184, 22177 28303, 262903 25933, 19200 53237, 262903 14840, 14840 28155, 264435 18881, 53235 28303, 14026 28303, 262907 263003, 53197 262907, 2716 262907, 18881 52610, 262903 53237, 28605 1916, 52770 53223, 53197 28303, 28631 28303, 25933 28623, 262907 28146, 14026 14840, 53237 28303, 18881 53112, 53237 1916, 52694 263003, 28605 53237, 262308 18881, 52681 53169, 1916 28283, 262903 53112, 262903 28303, 53237 28155, 2716 20144, 264435 1916, 53237 28146, 25933 53235, 262741 262848, 53237 14840, 14026 25933, 262732 7465, 52770 14840, 52681 1916, 52828 28303, 53197 25933, 52751 1916, 52751 28283, 2716 28283, 262741 25933, 52694 25933, 52851 1916, 2716 52770, 61747 53169, 262308 1916, 25933 28132, 28605 28303, 22819 28599, 28631 1916, 22819 25933, 262903 28146, 262741 28146, 262715 25933, 52920 262907, 61747 262907, 14026 28132, 28605 25933, 52734 262458, 1916 262605, 262741 8674, 52694 262907, 25933 262907, 14026 262907, 262879 18881, 52828 28299, 52828 2716, 52770 262741, 25933 53145, 262907 14840, 53234 11706, 22819 1916, 262732 28303, 262732 19611, 53197 262695, 262903 28283, 2716 52610, 53197 14840, 2716 28623, 52770 14026, 53223 53237, 262732 53237, 28605 53112, 61747 262741, 264435 53237, 262732 28283, 28132 53053, 52828 53169, 52851 53235, 28283 53145, 22819 53235, 52920 53237, 53223 14840, 28146 53169, 61747 25933, 2716 14840, 14840 262848, 53223 28283, 28283 28599, 28132 1916, 52869 28303, 28132 18881, 52920 262903, 52869 28146, 262715 53053, 2716 28155, 52770 28303, 52751 28141, 264435 263003, 14026 61747, 53235 53230, 2716 53169, 25933 14840, 25933 28283, 14026 20144, 53237 262458, 52734 28303, 22177 28146, 53234 1916, 52751 28573, 52770 53053, 52770 1916, 52851 2716, 52920 14840, 52751 53169, 28631 28132, 28631 53237, 53235 262695, 52751 28166, 52851 28283, 52920 8674, 52920 22177, 22177 28283, 52828 25933, 52869 28134, 53197 53230, 262907 18881, 28141 53237, 53235 14840, 262907 53145, 52610 28283, 262907 52734, 19200 1916, 52920 262965, 52920 28146, 28132 262308, 262741 2716, 53197 22177, 28605 262741, 53235 28299, 52681 53235, 52734 53237, 52851 53237, 262903 1916, 52869 52770, 52920 52610, 52920 1916, 262903 52681, 262715 1916, 53223 14026, 28141 28146, 262732 53112, 61747 28283, 28141 53223, 262907 28141, 52694 28299, 52869 1916, 53235 11706, 25933 28148, 52851 28631, 22177 262848, 53223 19200, 14026 1916, 262903 53167, 262741 28283, 262907 28599, 25933 28166, 262308 2716, 28631 262907, 52851 53230, 2716 10906, 19200 28283, 262903 52770, 52694 28166, 262308 28283, 53197 1916, 52851 28141, 1916 28146, 52920 28155, 14026 53237, 262308 52751, 52920 61747, 52751 53112, 52694 28646, 25933 262458, 52828 19200, 22819 262879, 264435 52770, 264435 14026, 262308 61950, 28605 52770, 28141 52681, 262903 11706, 52751 264435, 22177 53165, 28141 28148, 53237 262907, 53235 53061, 22177 52869, 28141 2716, 1916 263003, 28132 22177, 52734 14840, 53223 52610, 28141 53169, 53197 53184, 52828 61747, 28605 28134, 53235 262715, 52734 52851, 52694 52751, 264435 7465, 53235 262732, 28283 53053, 52734 53230, 28141 53184, 52694 53184, 52751 53237, 52920 262605, 52828 53235, 263003 53167, 262732 28148, 28141 262732, 28141 28134, 264435 53235, 53197 53112, 262715 28299, 22819 52610, 262732 53145, 262308 263003, 52920 53169, 52681 52770, 61747 262903, 264435 52734, 52751 18881, 28631 28283, 1916 8674, 28605 52751, 25933 52841, 22819 19611, 53235 262741, 52734 28155, 262907 262695, 52869 28283, 19200 52610, 14026 52610, 52734 53169, 262308 25933, 52734 28605, 22819 28146, 2716 262583, 61747 8674, 52828 28134, 52681 262605, 22819 20144, 53197 53061, 1916 53167, 264435 262903, 52734 1916, 52770 262715, 25933 53167, 52869 8674, 52751 28134, 18881 262605, 52681 28155, 52869 262695, 262715 18881, 52869 262848, 2716 28299, 53235 28599, 25933 53053, 28132 11706, 25933 28299, 1916 53112, 262903 22177, 1916 14840, 52734 28299, 61747 52799, 28132 263003, 14026 2716, 22819 28299, 2716 53235, 52694 52828, 262903 52828, 53235 53184, 28605 262965, 25933 262583, 28631 262715, 53235 52770, 25933 53169, 53223 262907, 52851 262605, 25933 28357, 28631 52751, 61747 53167, 61747 53061, 53223 2716, 25933 11706, 264435 53169, 28605 53061, 61747 14840, 53197 52610, 28132 61950, 52770 53230, 52770 262591, 25933 28134, 262732 8674, 262907 53169, 262732 28132, 19200 53061, 262732 19200, 52828 22177, 52681 262907, 52920 53112, 262741 262965, 53223 53061, 262732 11706, 52851 14840, 25933 52799, 262879 28141, 52851 28303, 28631 11706, 53197 28283, 52751 53061, 14026 52841, 262732 262741, 262732 52610, 262741 262907, 264435 28283, 52828 7465, 22819 53112, 262903 2716, 262907 28303, 52734 262848, 22819 53184, 22819 52770, 52734 2716, 52681 19200, 25933 262695, 262308 52869, 262741 53112, 14026 53184, 2716 262695, 52751 26606, 28631 19611, 28631 61747, 28141 53235, 52770 28166, 52694 61950, 53197 28299, 53234 2716, 52920 7465, 28631 53112, 22177 2716, 19200 52770, 262741 20144, 25933 262591, 19200 53197, 53223 28599, 53234 28303, 52920 53061, 61747 52681, 52770 28148, 52851 52694, 1916 52610, 22819 53197, 52770 53167, 262732 22177, 53223 11644, 22177 262591, 53235 28357, 262741 7465, 52694 2716, 28631 8674, 52770 28134, 14840 28573, 263003 28155, 19200 53169, 262903 28166, 52694 28631, 53197 262903, 28631 10906, 52869 28357, 52828 52869, 52751 8674, 28605 53053, 28132 262695, 52851 53061, 14026 11706, 262741 53230, 52828 28283, 14026 52799, 52734 53184, 52851 52920, 262732 262903, 28631 53061, 22819 262458, 1916 53061, 52828 28141, 28141 28573, 22819 262907, 52920 262848, 53197 262879, 22177 52610, 52694 53112, 61747 28132, 52828 52920, 28631 28146, 53234 28299, 262907 19200, 14026 28573, 262741 53061, 52751 20144, 52734 22177, 52920 26606, 52751 28132, 52851 263003, 52869 28166, 52920 53230, 61747 52770, 262741 52610, 52851 10906, 53223 52828, 28605 7465, 28605 28132, 28141 8674, 61747 28148, 53237 28299, 61747 53053, 262907 28605, 28631 262965, 52770 26606, 52828 262907, 53235 53167, 28141 53234, 53197 262848, 262848 18881, 264435 52694, 53223 61950, 28141 28155, 22819 52869, 25933 28155, 53223 262903, 52694 22819, 262903 52694, 22177 262715, 52869 7465, 52751 53223, 53223 262794, 18881 262591, 22819 28283, 28631 52734, 52681 28166, 52770 53169, 22819 262605, 264435 19611, 262732 53169, 2716 28573, 28631 28573, 18881 28573, 28605 53169, 18881 28146, 28631 14026, 262903 53169, 52869 262605, 262907 264435, 22819 8674, 19200 28573, 28631 28599, 262903 11644, 28605 52610, 52751 262715, 28303 53230, 28132 19611, 53235 262848, 53237 262695, 52869 262715, 28141 53112, 53223 53167, 53223 262848, 52751 28299, 264435 28357, 1916 262695, 19200 7465, 262741 10906, 28283 262695, 262732 53234, 53197 61747, 53235 52610, 28303 61950, 28605 53234, 52734 8674, 25933 20144, 14840 11644, 19200 264435, 14026 53145, 28141 11644, 52681 28283, 22819 14026, 52681 7465, 53234 53112, 22819 11644, 52851 28357, 52869 28132, 53234 52751, 52694 53169, 22819 52751, 262715 11706, 52828 14026, 28605 2716, 52694 262879, 22177 262605, 52734 61747, 25933 7465, 52751 10906, 52681 11706, 22177 53145, 262732 53167, 28605 53235, 28605 262695, 61747 52610, 28631 262695, 264435 28146, 264435 52610, 22819 262794, 28605 53145, 28141 61950, 262308 28303, 52770 28357, 52751 262907, 61747 263003, 19200 20144, 53197 2716, 14026 262605, 52751 52610, 52920 11706, 52770 262879, 14026 28155, 52681 262695, 262903 28605, 53237 53169, 14026 28599, 53235 53169, 52694 53230, 262907 28148, 2716 8674, 53237 28283, 1916 262591, 52681 53167, 18881 262458, 52770 53112, 53235 11644, 52734 52869, 53235 53053, 52681 22177, 28631 52610, 53234 28283, 53223 262591, 22177 262695, 53197 52694, 52828 11706, 52694 20144, 52694 10906, 53235 26606, 52694 53061, 52920 28605, 19200 19611, 22819 53053, 52828 8674, 262903 28155, 262732 28299, 264435 28299, 52770 28155, 61747 53184, 1916 262848, 1916 7465, 53237 11706, 28605 262879, 2716 53184, 262741 53184, 1916 53169, 28141 19200, 52751 52770, 262903 52610, 52869 262907, 28141 262715, 264435 52799, 25933 262605, 14026 53169, 52734 28283, 28132 14840, 52869 53145, 53237 262583, 2716 28357, 53235 28148, 262907 28155, 52734 11706, 53235 53145, 52851 52869, 53237 263003, 52681 52751, 53223 28631, 22177 53112, 52869 28155, 28631 262879, 22819 61950, 22177 7465, 28141 26606, 52694 262848, 14840 52610, 28631 52770, 52828 53184, 262732 52770, 28132 53112, 52920 53165, 28631 53235, 53223 28134, 262715 61747, 1916 28299, 53235 28155, 53235 28283, 53235 28132, 52851 53145, 2716 53145, 52694 52610, 22177 53061, 2716 28148, 22177 53053, 2716 53230, 19200 8674, 52694 53145, 52828 262741, 264435 262879, 52751 28148, 264435 262741, 25933 10906, 262732 262848, 52751 28599, 52828 28631, 52869 53169, 262732 28146, 22177 263003, 28631 28299, 53197 262965, 53197 53169, 262903 28299, 262732 26606, 52694 28599, 22819 52734, 28141 28166, 262308 52841, 52681 52610, 2716 53053, 52869 28605, 52734 262605, 53235 28146, 52770 52610, 262741 53167, 28631 53184, 52681 28146, 52869 52799, 1916 11706, 53197 52851, 262903 52869, 264435 53112, 53197 52869, 22819 28148, 262741 11706, 19200 53184, 28141 28299, 52610 53230, 52828 262794, 22177 28134, 53197 262591, 25933 11644, 53223 53169, 53235 262794, 52734 53145, 2716 53165, 262903 262741, 61747 28646, 25933 28646, 52770 28283, 52920 262583, 53223 7465, 2716 28166, 25933 53061, 52851 52610, 18881 53167, 264435 28134, 264435 11706, 52734 262732, 28631 28646, 53235 61950, 52851 262907, 262903 262907, 14026 53167, 14026 8674, 52770 53234, 14840 20144, 52770 7465, 52828 53112, 19200 52869, 52869 262741, 262308 28299, 52920 61950, 53237 53234, 53235 52751, 52828 53061, 53235 262458, 264435 28646, 19200 262741, 263003 18881, 53237 10906, 52920 28646, 53197 28134, 52681 52841, 262907 53167, 28605 26606, 52694 8674, 28605 28166, 2716 262965, 52734 53234, 61747 262583, 53237 53112, 52920 14026, 22177 52851, 2716 11706, 28141 52694, 61747 28155, 262715 14840, 14026 53112, 1916 262907, 19200 28646, 53237 262715, 28605 52841, 28132 28303, 52851 19611, 28141 22819, 52681 262732, 28132 28283, 28141 53145, 22819 28132, 52681 28631, 28141 262591, 28631 2716, 52694 262715, 61747 11706, 52828 52610, 28631 28166, 1916 10906, 264435 28623, 262907 28166, 262741 52734, 22177 53169, 19200 28146, 52694 53234, 262308 14840, 61747 53112, 52681 28299, 52770 52828, 264435 53223, 28141 28132, 53197 7465, 262715 262695, 61747 53165, 52828 28155, 52851 53184, 53197 53167, 262715 28303, 52828 28146, 262907 20144, 52828 53234, 262903 19200, 28132 2716, 52694 52841, 52851 14026, 52828 262695, 22819 28573, 22819 262695, 262907 53061, 262732 28605, 52920 28299, 22177 20144, 52770 8674, 1916 28155, 61747 52841, 53237 8674, 262903 262605, 28631 53053, 52694 262583, 52751 14026, 52869 28631, 52694 52681, 28605 262794, 28141 53061, 52828 28132, 52851 262695, 52681 53061, 28605 52851, 28631 28141, 262308 28155, 53197 262732, 52851 61950, 52734 262591, 28605 10906, 25933 262965, 52694 61747, 52851 52681, 53237 28573, 52751 53145, 52694 262732, 53223 28299, 53235 53223, 53197 53234, 52869 2716, 2716 53061, 28303 262695, 52770 61950, 262715 28646, 262879 28134, 52851 262965, 22177 19611, 264435 53184, 262715 2716, 53235 263003, 28631 262903, 53235 52734, 22177 61747, 22819 28134, 52851 28573, 262732 262605, 14026 262458, 52751 53197, 53235 52799, 53237 262965, 52851 262458, 28631 52841, 28631 28134, 53237 53061, 52694 28146, 25933 28599, 19200 53112, 19200 28631, 262732 52828, 28141 28283, 52751 53230, 262741 28631, 52694 262695, 52694 262741, 52828 22819, 14026 262848, 52751 53167, 14840 28303, 262732 2716, 52920 263003, 52681 262583, 52694 11706, 262741 53197, 28141 28623, 52920 262732, 52770 262965, 1916 53184, 28605 53167, 262741 52841, 28605 28148, 53197 28166, 52851 53169, 53223 52841, 14840 262605, 53235 52694, 61950 53053, 28132 52841, 61747 28146, 52828 28646, 262308 19200, 52681 20144, 262741 28573, 53237 28134, 52681 11644, 28141 262741, 262903 262458, 52920 52770, 25933 61950, 14026 262695, 262903 53235, 53237 53145, 52869 52751, 53234 262583, 53235 262605, 61747 53223, 52869 53235, 262879 52799, 52694 19200, 25933 53184, 262308 53112, 262903 28357, 19200 262605, 1916 26606, 52694 28605, 28605 14026, 53235 53197, 262741 28132, 262741 53169, 53223 263003, 52851 53234, 52694 52920, 52869 19611, 28299 53230, 262903 53184, 22177 53184, 262879 53112, 264435 53145, 53235 53112, 53197 262458, 52694 262794, 53197 28646, 19200 10906, 52734 20144, 264435 262794, 52734 262903, 52920 19200, 28605 28623, 52869 28299, 22819 262715, 53234 22177, 52920 262741, 262907 262605, 28141 14026, 52770 28599, 262741 262695, 53223 53230, 262903 262591, 53234 7465, 22819 53145, 264435 52681, 53197 262583, 52734 28148, 52751 262879, 262741 53165, 53197 8674, 52851 28148, 14026 262794, 52828 262605, 262907 53235, 262741 53145, 28605 28299, 14026 11644, 262741 262715, 264435 28631, 52828 53167, 53197 262794, 28132 262583, 14026 262965, 52851 19200, 52734 28134, 53197 20144, 18881 28148, 53223 53112, 52869 53230, 53237 53165, 61747 262848, 264435 52869, 52851 262903, 53237 7465, 52734 52694, 52770 52841, 28299 52610, 262732 61950, 53223 28573, 1916 28134, 262879 52851, 52734 7465, 52694 28155, 28605 53184, 262308 52681, 52869 28573, 61747 28141, 52770 28146, 53234 19200, 53237 53053, 28141 28357, 52851 262741, 52869 53167, 262907 52799, 52734 53061, 28141 262903, 264435 8674, 2716 52751, 53237 53167, 52751 52841, 53237 28148, 262903 8674, 52869 53184, 19200 28134, 1916 28599, 22819 53167, 61747 262695, 52920 28132, 52851 28599, 22177 28646, 264435 262458, 52751 7465, 52920 2716, 52734 262695, 264435 53053, 2716 7465, 52851 28299, 52694 53165, 52751 52828, 28605 61950, 52734 28141, 52681 2716, 262903 53145, 25933 53230, 18881 11706, 264435 53167, 52694 262965, 53237 262591, 28631 61950, 22177 8674, 53223 53184, 52828 52841, 14026 53061, 262903 22819, 262903 7465, 52734 28166, 262741 52799, 262308 262695, 28141 20144, 52920 262458, 53197 52734, 52851 262794, 22819 28155, 53223 11706, 262741 11644, 52869 262591, 264435 262695, 52920 53235, 262907 10906, 262903 262848, 262732 22819, 1916 53053, 14026 53165, 262732 28166, 53223 262732, 52734 28132, 52851 53167, 28132 262715, 52920 52799, 262907 7465, 52681 53197, 28141 28605, 2716 263003, 52751 52920, 262715 53112, 22819 28166, 22177 28166, 28631 53165, 264435 53061, 28605 53223, 14026 28646, 262741 19611, 53197 28623, 28605 28155, 1916 28357, 53223 28146, 22819 28623, 52920 28166, 52920 28573, 52920 11644, 52694 28134, 53235 28134, 52770 19611, 22177 262583, 262907 53230, 52828 28573, 14026 28299, 19200 11706, 61747 262965, 262741 262794, 22177 28573, 52770 28299, 52851 28155, 262903 28132, 52851 22819, 262907 28299, 264435 53230, 53237 28166, 61747 10906, 52851 26606, 262308 53169, 262907 52841, 19200 53145, 25933 8674, 28631 263003, 264435 2716, 52751 262583, 28141 52799, 19200 28357, 262308 262583, 53234 14840, 52828 53053, 22177 28605, 2716 262794, 262879 53167, 28631 262605, 2716 53167, 28141 7465, 52751 262848, 262732 53184, 28631 52799, 264435 10906, 262903 28646, 52734 262794, 52920 262695, 52734 52751, 52869 52694, 53197 52799, 61747 7465, 262741 53053, 262903 19611, 61747 262879, 14026 28148, 262308 19611, 53197 11706, 53223 20144, 53223 8674, 14026 53053, 28631 53169, 61747 53230, 28605 53197, 53237 28132, 14026 7465, 53197 28631, 22819 53061, 262732 52851, 19200 14026, 22177 28599, 52920 28134, 264435 262965, 53234 262591, 52851 52751, 52770 53184, 19200 61747, 22819 28605, 1916 61950, 262308 262965, 262732 262965, 52681 10906, 53235 28573, 53235 28623, 262903 28134, 52920 52841, 2716 262605, 14026 61950, 52734 10906, 22177 52841, 28141 53197, 22177 28299, 1916 28148, 52851 7465, 52920 19611, 52869 263003, 52828 53145, 2716 262591, 262907 53112, 264435 28573, 53223 53165, 52869 262732, 1916 28646, 53197 52841, 262732 61747, 14026 28134, 2716 53112, 52851 28166, 14026 53230, 262741 61950, 262732 262794, 53235 52841, 22819 11706, 52828 52734, 52851 28134, 22177 52799, 52770 52799, 28631 28155, 262741 262879, 19200 28299, 262308 52694, 52734 14026, 14026 262591, 53237 262848, 28631 22819, 53223 10906, 53223 52920, 22819 7465, 61747 11644, 52869 14026, 52751 262732, 52734 53165, 263003 52799, 262732 28155, 53223 28166, 52751 263003, 25933 19611, 28605 262591, 52828 61950, 28141 263003, 28605 11644, 52920 262794, 262741 53234, 262903 263003, 19200 262848, 262715 262965, 2716 262879, 52734 26606, 22177 61950, 52851 28623, 52828 52851, 52920 53053, 52734 28646, 28605 28357, 52734 262879, 61747 262605, 52681 52920, 52770 262605, 53197 262605, 28132 53169, 14026 28623, 53197 264435, 28605 19200, 52869 11706, 264435 52841, 28605 28573, 264435 28166, 52681 28357, 1916 28166, 262907 28573, 52681 52828, 61747 28166, 53197 28155, 262907 53053, 52851 28146, 19200 28623, 52681 262741, 52694 262458, 52681 263003, 53223 26606, 53223 22819, 262741 26606, 53235 20144, 52751 262458, 52681 61950, 22177 11644, 19200 28166, 262741 28599, 52828 28357, 19200 53053, 53197 52920, 262732 28599, 22819 262965, 61747 52751, 28605 53230, 28605 53165, 2716 28134, 53235 262965, 52734 53053, 262903 262695, 14840 28283, 14840 28299, 52851 28132, 14026 53234, 262741 53223, 262903 28148, 53234 28646, 22177 11706, 14026 262741, 61747 53235, 264435 262848, 1916 19611, 53223 52799, 53234 53169, 52734 28599, 52681 22819, 28283 53167, 52751 262695, 19200 28599, 52828 28605, 28132 53145, 52751 19200, 52828 26606, 52734 28573, 53223 28155, 263003 53112, 19200 28155, 262907 53184, 262715 53169, 61747 28134, 1916 262794, 262732 28357, 22819 53230, 52681 53223, 52751 28623, 53237 262605, 52734 19611, 28605 20144, 262732 53061, 61747 52869, 14026 28166, 262903 53053, 28141 11706, 262715 53145, 28141 53230, 52681 262965, 52694 7465, 53234 262715, 28631 53234, 14026 262715, 52770 28132, 262732 52841, 262903 28599, 262732 14026, 61747 2716, 52751 22177, 52681 28132, 22819 264435, 53234 52681, 53235 7465, 52681 28605, 52681 53112, 52828 262879, 1916 53145, 1916 20144, 28132 28646, 18881 28599, 28631 7465, 52770 28623, 1916 262965, 52920 22819, 262715 52920, 262732 28631, 262732 53165, 52681 19611, 19200 53230, 262903 20144, 53223 262715, 52751 28155, 28132 52694, 61747 262458, 52920 28623, 52694 53167, 52869 52920, 22819 28646, 262715 19200, 28631 53167, 22177 19200, 262879 263003, 25933 53165, 53234 19611, 52828 264435, 52869 10906, 53237 52841, 264435 11644, 22819 262741, 262903 262879, 28605 28599, 14026 28357, 262732 28623, 264435 28132, 53234 53145, 28132 262965, 52751 53184, 264435 262715, 262907 53165, 52751 262965, 262903 53230, 262741 28166, 19200 26606, 262715 52841, 19200 262794, 52681 26606, 262903 61950, 25933 26606, 52869 11644, 52851 53053, 61747 262591, 28631 53145, 262879 262715, 262741 28155, 52694 53053, 1916 52799, 2716 28599, 61747 52851, 52828 262591, 52920 53167, 52694 28573, 53234 61747, 262732 262695, 262741 52751, 28141 262695, 262903 53234, 53237 61950, 1916 28573, 28605 11706, 22177 28155, 52751 53053, 53234 52920, 22177 53167, 262732 20144, 52869 262794, 262903 52841, 262903 28573, 52694 262605, 22819 263003, 52851 28646, 53197 53165, 262907 28134, 28631 11644, 52751 262903, 52828 11644, 19200 52734, 52869 28599, 52828 263003, 52851 53223, 262715 262591, 262741 28357, 52681 52799, 262308 53145, 262903 52799, 53235 8674, 262903 53165, 262903 26606, 263003 262715, 53197 61950, 52869 53061, 52770 262794, 52694 52799, 52828 53165, 53197 28132, 28631 262794, 52828 262458, 53223 53197, 262903 262715, 262903 262794, 262308 61747, 52751 53165, 52734 53112, 14026 26606, 52681 262848, 28141 53053, 262907 52610, 53237 52799, 52920 28357, 53234 28155, 52734 263003, 22819 53165, 52681 53145, 52770 28573, 262732 264435, 52751 28146, 52869 20144, 28605 8674, 52694 28623, 53223 28646, 53234 28134, 61747 262794, 262907 11706, 19200 262458, 52694 262591, 262907 8674, 264435 52920, 28605 28146, 28141 262965, 14026 263003, 262308 262715, 52869 53234, 52734 52799, 28605 61747, 52751 262794, 52828 10906, 22177 14026, 22819 53234, 61747 20144, 52734 61950, 262879 52920, 22819 262591, 25933 262794, 262715 52681, 52681 262794, 53223 53234, 22819 10906, 262741 262605, 53223 262965, 14026 53197, 262907 28357, 52851 8674, 19200 11644, 262903 28623, 262741 28134, 2716 262848, 53223 28357, 28631 53230, 52681 8674, 52734 28623, 262308 11706, 53235 19611, 262907 26606, 2716 52799, 28141 28646, 19200 53165, 28132 28299, 52828 28166, 61747 28299, 52694 28357, 53237 262879, 52851 52841, 28631 28148, 28141 52869, 52770 11706, 53235 262591, 28605 264435, 262732 262879, 28605 262848, 52681 262458, 22177 262965, 52681 14026, 28283 53165, 53197 11644, 53197 53053, 52681 53184, 22819 28357, 28631 262848, 262732 53230, 1916 262458, 1916 11644, 52851 11706, 28605 262715, 52851 11644, 52869 52681, 28132 28155, 262907 262458, 52694 19611, 19200 52841, 264435 28599, 1916 262879, 262732 11644, 52828 262965, 28141 262848, 28283 52841, 262903 14026, 52828 52799, 53197 28599, 53237 262794, 53197 10906, 52828 28623, 52751 61950, 52751 262605, 52869 26606, 52694 11644, 262732 28573, 28141 52841, 52751 11706, 28605 262605, 53237 28646, 262715 7465, 52751 19611, 262732 262458, 28605 28646, 19200 52799, 52734 52841, 52681 28148, 19200 262591, 52851 53112, 52851 52799, 262715 262583, 262879 28155, 53197 28573, 53223 28623, 19200 28132, 2716 52841, 14026 19611, 52869 52841, 61747 22819, 28141 262794, 52681 53053, 19200 61950, 53235 28166, 53197 53145, 28141 52920, 262732 262715, 14840 11706, 262308 262591, 14026 10906, 264435 52851, 22819 26606, 52828 19611, 53235 262879, 52869 61950, 28631 28605, 52828 28148, 2716 28646, 52751 28646, 264435 20144, 262308 53053, 28132 7465, 53223 52869, 52869 262583, 264435 262605, 28605 19611, 28141 53167, 53237 28357, 52681 28623, 262732 262591, 52828 20144, 262308 7465, 262732 263003, 53197 19611, 53237 26606, 52770 53165, 52851 262715, 52694 22177, 52869 53112, 262741 262591, 262715 19611, 52694 53223, 19200 53167, 52770 11644, 61747 61950, 52770 20144, 22177 28141, 2716 262458, 2716 11644, 52734 53223, 52734 11644, 262308 52920, 22819 52841, 52770 28646, 53234 262695, 52828 53197, 52869 53053, 53235 19200, 53237 262308, 264435 61950, 263003 28134, 53223 53053, 53223 28148, 28605 262458, 53197 28146, 61747 28573, 53234 61950, 19200 262965, 262907 19611, 53234 263003, 19200 262695, 53234 262965, 22177 53235, 53235 53234, 262741 28646, 28631 20144, 262907 28132, 28631 262591, 53197 26606, 52869 28646, 52851 262591, 264435 28148, 52869 262879, 19200 262879, 52920 28599, 52734 262965, 53237 11644, 2716 28146, 52828 28599, 14026 28146, 52869 262965, 52751 28357, 52920 28148, 28141 53165, 52751 11644, 52681 53230, 262907 61950, 264435 262591, 262732 10906, 262903 10906, 1916 52841, 52828 262848, 262732 28134, 53197 263003, 52869 53165, 53223 262605, 28631 262458, 262308 28646, 262741 262458, 52920 28631, 52828 53230, 2716 61950, 52734 262715, 53237 53230, 53223 19611, 28141 10906, 52828 262715, 28141 19611, 52681 262879, 262741 28148, 52920 262591, 28141 262458, 53235 28646, 53235 10906, 2716 26606, 22177 262794, 262715 28134, 262732 28646, 262715 28155, 53237 28623, 28605 263003, 264435 61747, 52681 53165, 52681 28646, 263003 7465, 262907 262965, 53234 52841, 28132 28134, 52734 28357, 18881 262695, 52770 10906, 262879 7465, 52694 28148, 53237 19611, 52920 52734, 61747 26606, 262308 22177, 52851 20144, 52851 262848, 262907 262591, 262903 262965, 52920 10906, 262732 52799, 262308 28134, 262741 28299, 61747 28599, 19200 28148, 52681 28573, 61747 28357, 28132 262591, 61747 19611, 28605 52799, 264435 53234, 262907 262715, 1916 53230, 53235 53165, 22819 19200, 264435 53165, 262907 28646, 28141 262605, 14026 262879, 19200 263003, 14026 52694, 52681 262591, 52920 20144, 28141 28599, 53197 28148, 53197 262715, 262907 262879, 53234 28132, 53223 262879, 53197 28357, 262715 28283, 262732 53053, 52694 26606, 1916 53165, 22819 52799, 262741 263003, 262741 28623, 264435 26606, 52751 262591, 52681 28134, 53223 262458, 52770 263003, 262715 61950, 52851 53165, 53237 28599, 28631 28623, 22819 262848]
	SC
start function: AS_Connect_PTT [2015-07-24 11:59:29] 
SC: 1916
SC: 11242
SC: 18881
SC: 14026
SC: 28303
SC: 28329
SC: 28192
SC: 28343
SC: 14840
SC: 28293
SC: 7048
SC: 28123
SC: 52813
SC: 52750
SC: 10906
SC: 11835
SC: 52625
SC: 20144
SC: 11802
SC: 262481
SC: 28573
21
Existent Peers: 72
[11242 1916, 11242 28329, 11242 18881, 14026 18881, 1916 11835, 14026 28329, 1916 28303, 1916 18881, 18881 28343, 11242 28303, 18881 14840, 11242 14840, 14026 14840, 1916 28343, 28343 11802, 11242 11835, 14026 28303, 11242 28192, 1916 28329, 14026 20144, 14026 28293, 14026 28343, 14840 52750, 28343 28192, 14026 1916, 1916 28192, 1916 7048, 18881 11802, 11242 28343, 1916 14840, 14026 11802, 11242 20144, 28303 52813, 14026 28573, 14026 52750, 14840 28123, 14026 11835, 11242 28123, 11242 28573, 14026 11242, 14026 28192, 11242 52750, 1916 28573, 14026 7048, 11242 10906, 18881 262481, 1916 10906, 28343 11835, 28343 52813, 11242 7048, 14840 28293, 28303 52625, 28303 262481, 11242 28293, 1916 11802, 11242 52813, 1916 28123, 1916 28293, 11242 52625, 14026 262481, 11242 262481, 1916 20144, 11242 11802, 1916 52625, 1916 52750, 1916 52813, 28192 11802, 14026 10906, 14026 28123, 14026 52625, 1916 262481, 14026 52813]
	SCA
start function: AS_Connect_PTT [2015-07-24 11:59:30] 
SCA: 52888
SCA: 53166
SCA: 28571
3
Existent Peers: 2
[52888 28571, 52888 53166]
	SJC
start function: AS_Connect_PTT [2015-07-24 11:59:30] 
SJC: 28262
SJC: 27693
SJC: 53069
SJC: 20144
SJC: 52884
SJC: 61816
SJC: 28573
SJC: 11284
SJC: 14026
9
Existent Peers: 0
[]
	SJP
start function: AS_Connect_PTT [2015-07-24 11:59:30] 
SJP: 52579
SJP: 262761
SJP: 28263
SJP: 28330
SJP: 28573
SJP: 263062
SJP: 262721
SJP: 14026
8
Existent Peers: 7
[52579 262761, 52579 28263, 52579 28330, 262761 263062, 28263 263062, 52579 28573, 52579 14026]
	SP
start function: AS_Connect_PTT [2015-07-24 11:59:30] 
SP: 28186
SP: 18881
SP: 262907
SP: 262666
SP: 53237
SP: 16735
SP: 23106
SP: 11835
SP: 1916
SP: 263447
SP: 12989
SP: 28329
SP: 28624
SP: 28303
SP: 262454
SP: 53062
SP: 28306
SP: 28168
SP: 28198
SP: 262589
SP: 25933
SP: 28299
SP: 27720
SP: 16397
SP: 262476
SP: 262827
SP: 28343
SP: 262394
SP: 28368
SP: 14840
SP: 28625
SP: 19182
SP: 52550
SP: 28155
SP: 1251
SP: 52937
SP: 28618
SP: 27724
SP: 262659
SP: 52720
SP: 262750
SP: 52909
SP: 14282
SP: 262725
SP: 52888
SP: 262575
SP: 262375
SP: 28287
SP: 53162
SP: 28634
SP: 52691
SP: 2688
SP: 52988
SP: 262599
SP: 262744
SP: 52925
SP: 28654
SP: 263460
SP: 52967
SP: 52974
SP: 28580
SP: 22356
SP: 28292
SP: 263311
SP: 13414
SP: 28352
SP: 28124
SP: 53061
SP: 11706
SP: 13495
SP: 28666
SP: 28640
SP: 52920
SP: 53122
SP: 20406
SP: 53075
SP: 53224
SP: 262777
SP: 262429
SP: 262765
SP: 262952
SP: 263499
SP: 262581
SP: 263416
SP: 22177
SP: 262605
SP: 263001
SP: 52320
SP: 22548
SP: 28283
SP: 22431
SP: 262693
SP: 8075
SP: 28132
SP: 35788
SP: 262434
SP: 262878
SP: 28224
SP: 28262
SP: 22250
SP: 262421
SP: 16594
SP: 28668
SP: 262808
SP: 262355
SP: 15169
SP: 28347
SP: 14551
SP: 28349
SP: 13878
SP: 263080
SP: 28146
SP: 28138
SP: 53143
SP: 262996
SP: 263047
SP: 28639
SP: 262793
SP: 52770
SP: 28309
SP: 52752
SP: 262650
SP: 28165
SP: 28220
SP: 53080
SP: 19873
SP: 28140
SP: 28360
SP: 262743
SP: 262822
SP: 262609
SP: 262757
SP: 53100
SP: 11644
SP: 53114
SP: 28272
SP: 16509
SP: 27693
SP: 52896
SP: 262760
SP: 263444
SP: 262406
SP: 262620
SP: 52545
SP: 53115
SP: 7048
SP: 52941
SP: 262704
SP: 14868
SP: 28216
SP: 53118
SP: 262785
SP: 53101
SP: 10733
SP: 28598
SP: 28267
SP: 28649
SP: 28658
SP: 15180
SP: 262664
SP: 262669
SP: 8055
SP: 28647
SP: 52613
SP: 52962
SP: 13335
SP: 28247
SP: 262761
SP: 262684
SP: 262660
SP: 28126
SP: 262906
SP: 52697
SP: 61898
SP: 28271
SP: 53111
SP: 52640
SP: 263071
SP: 53175
SP: 53171
SP: 28229
SP: 262585
SP: 52850
SP: 52977
SP: 262965
SP: 28202
SP: 52527
SP: 23105
SP: 17222
SP: 28642
SP: 28153
SP: 52861
SP: 53070
SP: 53099
SP: 262469
SP: 53222
SP: 28169
SP: 14204
SP: 28123
SP: 262729
SP: 53192
SP: 30081
SP: 28669
SP: 28576
SP: 53185
SP: 53166
SP: 28207
SP: 262964
SP: 52945
SP: 52866
SP: 28665
SP: 262561
SP: 262428
SP: 262449
SP: 52836
SP: 52610
SP: 262446
SP: 262792
SP: 262558
SP: 28294
SP: 28599
SP: 262464
SP: 53221
SP: 53142
SP: 28310
SP: 23002
SP: 53037
SP: 28158
SP: 31529
SP: 53131
SP: 53066
SP: 53053
SP: 33182
SP: 53097
SP: 52568
SP: 28265
SP: 53059
SP: 28250
SP: 52869
SP: 52803
SP: 28171
SP: 262363
SP: 262862
SP: 36408
SP: 52877
SP: 53102
SP: 26609
SP: 28163
SP: 16685
SP: 263057
SP: 53158
SP: 263113
SP: 262435
SP: 262401
SP: 61440
SP: 28326
SP: 262444
SP: 262333
SP: 262604
SP: 28661
SP: 262695
SP: 53068
SP: 263008
SP: 262908
SP: 262412
SP: 53144
SP: 53072
SP: 28122
SP: 20142
SP: 52987
SP: 28288
SP: 28195
SP: 263471
SP: 262828
SP: 28571
SP: 262354
SP: 262742
SP: 52873
SP: 53208
SP: 23074
SP: 28644
SP: 28593
SP: 53022
SP: 28143
SP: 263357
SP: 28663
SP: 53135
SP: 263328
SP: 7162
SP: 22085
SP: 22689
SP: 28328
SP: 52880
SP: 28338
SP: 28331
SP: 262545
SP: 262420
SP: 262557
SP: 2906
SP: 28226
SP: 22381
SP: 28189
SP: 52915
SP: 28151
SP: 28239
SP: 262797
SP: 263541
SP: 28161
SP: 53146
SP: 28254
SP: 53165
SP: 262690
SP: 262680
SP: 262403
SP: 262499
SP: 263055
SP: 16736
SP: 52751
SP: 263072
SP: 53145
SP: 263332
SP: 262775
SP: 21911
SP: 262539
SP: 263035
SP: 262516
SP: 28637
SP: 28175
SP: 20144
SP: 262988
SP: 28269
SP: 262741
SP: 262807
SP: 52824
SP: 52892
SP: 262731
SP: 28173
SP: 263442
SP: 262789
SP: 12136
SP: 28280
SP: 262488
SP: 14650
SP: 61888
SP: 262732
SP: 28630
SP: 28233
SP: 52944
SP: 262504
SP: 14571
SP: 28275
SP: 28241
SP: 52840
SP: 262794
SP: 262413
SP: 52668
SP: 53013
SP: 263353
SP: 42385
SP: 28330
SP: 262883
SP: 263603
SP: 28166
SP: 262459
SP: 28191
SP: 53008
SP: 28209
SP: 262733
SP: 262344
SP: 28670
SP: 53178
SP: 28300
SP: 263301
SP: 53199
SP: 28204
SP: 52828
SP: 263525
SP: 262509
SP: 28206
SP: 132591
SP: 28657
SP: 28604
SP: 52604
SP: 15133
SP: 262643
SP: 262686
SP: 28359
SP: 262353
SP: 53001
SP: 30122
SP: 262730
SP: 28201
SP: 262501
SP: 52734
SP: 10362
SP: 262891
SP: 263631
SP: 262623
SP: 27715
SP: 263461
SP: 28573
SP: 28311
SP: 28178
SP: 262901
SP: 263678
SP: 28187
SP: 262544
SP: 28590
SP: 61769
SP: 23128
SP: 52650
SP: 28615
SP: 262780
SP: 262938
SP: 11432
SP: 28270
SP: 28001
SP: 262696
SP: 262518
SP: 52748
SP: 53187
SP: 28135
SP: 262632
SP: 28589
SP: 262673
SP: 53116
SP: 263513
SP: 20121
SP: 262865
SP: 14026
SP: 262787
SP: 262310
SP: 262737
SP: 13357
SP: 53195
SP: 53038
SP: 28125
SP: 53179
438
Existent Peers: 319
[18881 28135, 18881 53237, 12989 262659, 16735 28247, 18881 28343, 28168 53059, 28329 28250, 12989 52752, 18881 52873, 25933 262464, 11835 53062, 25933 53062, 28625 15133, 16735 262733, 262733 28207, 27724 53111, 18881 28299, 28250 263460, 18881 28303, 1251 52888, 12989 28202, 16735 14868, 12989 262585, 14840 52861, 262476 53237, 53237 28191, 28580 262509, 22356 28124, 28124 28647, 18881 14840, 28640 28352, 18881 53158, 262589 28226, 12989 262454, 52720 52974, 16735 11432, 262429 52770, 52770 53145, 16735 12989, 12989 22177, 22177 262344, 28168 262375, 12989 28634, 18881 28169, 14868 262544, 18881 25933, 18881 262725, 14840 53192, 11835 28359, 16735 52697, 52697 262765, 28168 53062, 28303 53222, 16735 28125, 18881 263080, 263080 28328, 28347 262908, 28349 53008, 52752 53158, 16397 28349, 27724 28151, 16735 28589, 16397 52691, 262401 262696, 28329 28326, 18881 263416, 12989 262673, 16735 53171, 28329 262737, 16735 28163, 262375 262488, 52770 53061, 18881 262828, 18881 262669, 263444 28654, 18881 52610, 28329 53158, 14840 262907, 262907 52734, 28329 262827, 12989 262413, 18881 53178, 22177 52941, 16735 53102, 262599 262808, 16735 262780, 53237 28126, 262589 262599, 262599 53142, 16735 28649, 18881 262434, 16735 28209, 18881 28173, 28303 52604, 16735 262775, 18881 28359, 28250 28198, 25933 52751, 16735 262785, 14840 52892, 16735 262797, 18881 262827, 18881 262435, 16397 262446, 53143 28349, 28303 52861, 18881 28155, 18881 10733, 28168 262733, 18881 262789, 28303 28283, 262599 262664, 16735 53131, 52550 28271, 12989 262765, 28168 28347, 28347 28191, 18881 28580, 28580 262704, 18881 262504, 28186 28615, 53162 28618, 16735 262643, 263001 262589, 16735 262730, 28649 262730, 16735 262428, 16735 28294, 18881 262865, 28303 262695, 22548 30122, 25933 262544, 262401 262623, 28310 52850, 16735 28271, 263444 28153, 14840 52568, 25933 262891, 28303 28146, 16735 27693, 18881 262620, 18881 263047, 14840 53222, 12989 22381, 22381 262446, 14840 263416, 28329 53195, 28146 53178, 262906 262807, 16735 28360, 16735 28309, 16735 262761, 18881 28360, 18881 263072, 16735 262353, 263057 18881, 18881 262589, 28299 52610, 22356 28299, 16397 28265, 22177 28254, 25933 262695, 28283 53145, 22356 28666, 53059 262730, 11835 28158, 262589 52967, 52967 28657, 16735 52650, 28306 53059, 262589 262354, 16397 262666, 14840 262604, 14840 28155, 16735 28229, 16735 28191, 25933 28639, 12989 28640, 25933 28155, 28168 28294, 16735 28250, 16397 263471, 28654 1916, 11432 53208, 18881 262822, 1251 53166, 14840 262464, 16735 28665, 18881 262605, 16397 53143, 28168 53224, 12989 7162, 12989 262429, 18881 28241, 28226 262807, 53237 53116, 28666 28239, 11432 262499, 262760 28202, 262589 28658, 263080 53022, 52925 28630, 25933 262459, 16685 22356, 18881 53102, 263072 28241, 22356 28590, 262760 262363, 16397 28165, 25933 52748, 14840 262544, 28580 262862, 21911 13878, 13878 7162, 22548 42385, 16735 262777, 14840 52748, 18881 16685, 16685 263071, 28625 52668, 262589 52752, 52752 53061, 28580 262333, 262429 262539, 16735 10733, 10733 263332, 16735 262444, 16735 28202, 1916 262742, 12989 17222, 28669 262558, 16735 28306, 18881 53066, 16735 28615, 262589 53135, 18881 26609, 14840 52869, 16397 28216, 18881 262737, 28329 262632, 28330 16735, 14840 53175, 28303 262575, 18881 28639, 22356 263461, 16735 262757, 28204 263513, 14840 28642, 14840 52803, 262589 263631, 22356 27715, 16735 262375, 28625 262731, 16735 28267, 18881 263603, 16735 11835, 1916 52888, 28328 52896, 262589 262344, 28666 262797, 28368 262604, 53237 52892, 10733 20142, 16735 28178, 28329 52527, 28303 262544, 16397 262787, 262589 53061, 14840 262883, 53059 16735, 16397 262420, 16397 263678, 16735 53038, 27720 262403, 262589 53053, 18881 53072, 22177 262659, 22356 28206, 16735 262690, 16735 28280, 16735 262696, 262696 53199, 16735 28138, 52604 53061, 23106 53072, 52770 52748, 28666 262686, 263047 263499, 18881 28292, 15180 53208, 28666 52941, 18881 262557, 28303 61769, 18881 53195, 28343 11835, 16735 28311, 14840 11432, 11432 28165, 262599 28233, 14840 262891, 16397 262744, 1916 53187, 262476 28640, 16735 262729, 28328 262557, 28226 52866, 18881 53144, 262589 53142, 28168 28241, 16735 263055, 16735 52987, 1916 1251, 14840 28123, 28168 53221, 262310 52962, 14840 28328, 14840 52828, 16735 28195, 28329 262394]
	VIX
start function: AS_Connect_PTT [2015-07-24 11:59:30] 
VIX: 263080
VIX: 262822
VIX: 52945
VIX: 52988
VIX: 53203
VIX: 28328
VIX: 18881
VIX: 1916
VIX: 262474
VIX: 28139
VIX: 52550
VIX: 262789
VIX: 53022
VIX: 262676
VIX: 26162
VIX: 28173
VIX: 28573
VIX: 14026
18
Existent Peers: 71
[262822 18881, 52945 263080, 263080 18881, 53203 18881, 28328 18881, 52988 18881, 262676 262474, 53203 1916, 263080 52550, 262822 52988, 263080 1916, 262822 263080, 28328 1916, 262822 1916, 52988 1916, 53203 28328, 53203 263080, 263080 262474, 53203 52988, 52988 53022, 52988 263080, 52988 52550, 262822 52550, 18881 52550, 53203 262822, 28328 28173, 18881 28173, 262822 262474, 262822 28573, 18881 14026, 52988 262676, 18881 262789, 263080 28328, 53203 262789, 28328 52988, 53203 26162, 53203 262474, 263080 28573, 262822 53022, 18881 28573, 28139 262822, 28328 262676, 262822 28328, 262822 28173, 263080 53022, 28328 262474, 53203 52550, 52988 262474, 52988 28173, 28328 262789, 18881 262676, 263080 262789, 53203 28173, 263080 28173, 28328 52550, 262822 262789, 262822 26162, 53203 53022, 52988 28573, 263080 14026, 53203 14026, 262822 52945, 52988 262789, 262822 262676, 28328 14026, 262822 14026, 28328 53022, 52988 26162, 53203 262676, 52988 14026, 28328 26162]
CSV file was created successfully !!!
Execution time: 936ms
End function: Density [2015-07-24 11:59:31] 
End
