 5.71,  30.36,  2.00,  4.29,  1.71,  7.36,  0.50,  0.79,  7.93,  0.71
 2.71,  17.54,  0.62,  1.34,  1.06,  3.23,  0.18,  0.42,  4.03,  0.34
 3.11,  10.89,  1.00,  0.33,  1.00,  2.11,  0.00,  0.22,  2.89,  0.00
 2.22,  7.78,  0.11,  1.59,  0.56,  2.15,  0.11,  0.11,  1.78,  0.04
 2.40,  16.70,  0.90,  1.50,  1.60,  3.20,  0.30,  0.80,  3.40,  0.40
 2.86,  14.08,  0.53,  1.61,  0.89,  4.44,  0.22,  0.56,  3.67,  0.47
 3.50,  14.50,  0.00,  1.50,  1.50,  4.00,  1.00,  1.00,  3.50,  0.50
 1.57,  9.43,  0.29,  0.43,  1.14,  2.86,  0.29,  1.29,  2.57,  0.29
 2.41,  13.76,  0.57,  1.04,  0.74,  2.87,  0.15,  0.39,  4.17,  0.28
 1.67,  8.83,  0.00,  0.17,  0.67,  2.83,  0.17,  0.33,  2.17,  1.00
