0.28,0.11,0.16,0.11,0.12,0.15,0.21,0.08,0.10,0.10
0.11,0.05,0.04,0.03,0.06,0.05,0.06,0.04,0.04,0.04
0.16,0.04,0.09,0.01,0.08,0.05,0.00,0.03,0.04,0.00
0.11,0.03,0.01,0.04,0.04,0.05,0.05,0.01,0.02,0.01
0.12,0.06,0.08,0.04,0.11,0.07,0.13,0.08,0.04,0.06
0.15,0.05,0.05,0.05,0.07,0.10,0.10,0.06,0.05,0.07
0.21,0.06,0.00,0.05,0.13,0.10,0.50,0.13,0.05,0.08
0.08,0.04,0.03,0.01,0.08,0.06,0.13,0.14,0.03,0.04
0.10,0.04,0.04,0.02,0.04,0.05,0.05,0.03,0.04,0.03
0.10,0.04,0.00,0.01,0.06,0.07,0.08,0.04,0.03,0.17
