3549
8167
8674
18881
28573
11835
14840
22177
25933
28132
28134
28141
28155
28166
28259
28283
28299
28303
28329
28599
28605
28639
52600
52610
52685
52694
52751
52752
52763
52770
52828
52851
52869
52920
52968
53053
53061
53062
53112
53145
53165
53167
53169
53184
53230
53240
61747
262458
262464
262522
262591
262605
262695
262715
262741
262794
262802
262848
262903
262985
263003
263113
263263
263384
263442
263543
263597
263604
2906
11706
28357
52799
262879
2716
19200
1916
7465
10906
11644
14026
26606
53235
53237
20144
19611
22819
28623
262583
28148
28631
52734
52841
53168
53197
53223
262732
262907
262965
28135
28646
