16735
17379
18881
22689
23106
262354
262589
26615
28169
28573
3549
4230
53037
6762
7738
8167
8674
10704
11835
11844
14840
14868
17222
20177
21574
22177
25933
262272
262289
262294
262310
262336
262355
262374
262391
262400
262405
262450
262458
262464
262474
262476
262481
262492
262493
262505
262509
262522
262565
262582
262591
262605
262621
262659
262676
262681
262687
262690
262695
262715
262721
262727
262733
262741
262753
262761
262769
262773
262780
262785
262789
262792
262794
262801
262802
262812
262822
262831
262843
262847
262848
262855
262865
262869
262877
262878
262903
262943
262952
262970
262985
262993
263003
263018
263055
263080
263102
263113
263263
263311
263363
263384
263390
263434
263442
263499
263512
263538
263542
263543
263597
263604
263636
263647
263658
26609
27693
28124
28132
28134
28139
28141
28146
28155
28161
28165
28166
28173
28175
28184
28188
28190
28192
28201
28202
28220
28225
28226
28229
28250
28252
28259
28262
28263
28267
28268
28279
28283
28289
28290
28293
28299
28303
28305
28310
28326
28328
28329
28338
28343
28359
28360
28366
28368
28580
28591
28598
28599
28605
28615
28620
28635
28639
28649
28651
28658
28661
28665
28667
52544
52572
52579
52600
52610
52625
52631
52664
52685
52686
52694
52720
52751
52752
52763
52770
52777
52813
52828
52851
52869
52871
52873
52884
52920
52940
52960
52962
52965
52968
52987
52988
52999
53005
53019
53022
53053
53061
53062
53065
53069
53071
53072
53081
53084
53085
53089
53093
53112
53119
53144
53145
53158
53165
53167
53169
53184
53189
53211
53230
53236
53240
61747
7048
11706
15169
20044
262756
28357
28604
2906
53017
53171
8075
11432
11921
12140
14282
16397
16509
16712
22356
262448
262475
262500
262526
262548
262778
262790
262839
262879
262956
26592
28224
28271
28282
28309
28327
28330
28339
52550
52799
52925
52976
53225
10715
19200
262511
262852
262857
263076
2716
28193
28571
52888
53046
53166
10412
10417
10670
10881
10906
10938
10954
11242
11284
11644
11802
12136
14026
14650
1916
19723
22515
23074
25832
26218
262451
262486
262534
263638
26606
2715
28197
28286
28301
28602
28616
28629
52950
53016
53116
53164
53203
53235
53237
53239
7465
11751
20144
13522
16891
19611
22819
262441
262583
262876
28623
11431
23128
262318
262348
262378
262532
262609
262663
262668
262706
262716
262717
262725
262729
262732
262804
262805
262826
262827
262854
262868
262907
262955
262965
263098
263281
263329
263395
263450
263460
263534
28148
28182
28186
28196
28200
28208
28244
28251
28270
28287
28346
28587
28631
28663
52519
52549
52577
52696
52734
52750
52781
52841
52858
52937
52945
52981
53038
53102
53131
53140
53157
53168
53197
53202
53223
53242
61919
262552
262864
263083
28135
28646
53115
