2688
2914
3549
4230
6447
6762
7738
8167
10429
12956
13495
14551
14571
16735
18881
19182
22085
22689
23002
23106
26599
26615
28351
28573
42385
52320
53037
132591
262354
262412
262589
7048
8055
10362
10733
11432
11835
13357
14840
14868
17222
22177
22381
22431
23105
25933
26609
27693
27720
27724
28123
28124
28125
28126
28132
28138
28140
28146
28151
28152
28153
28158
28161
28163
28165
28166
28168
28169
28171
28173
28175
28178
28186
28187
28191
28192
28198
28201
28202
28208
28209
28214
28219
28220
28224
28226
28229
28233
28239
28241
28244
28245
28247
28250
28254
28255
28259
28262
28263
28264
28265
28266
28267
28269
28270
28272
28277
28279
28280
28283
28287
28288
28294
28299
28303
28305
28306
28309
28310
28311
28323
28326
28328
28329
28330
28331
28333
28338
28343
28347
28352
28358
28359
28360
28368
28580
28590
28591
28593
28598
28599
28615
28618
28624
28634
28639
28640
28642
28644
28647
28649
28651
28654
28657
28658
28661
28663
28665
28667
28668
28669
28670
52527
52545
52550
52568
52604
52610
52613
52640
52650
52673
52689
52709
52734
52748
52751
52777
52803
52828
52836
52840
52850
52861
52866
52869
52877
52896
52909
52920
52937
52940
52941
52944
52962
52965
52971
52974
52987
52988
53001
53008
53013
53022
53053
53059
53061
53062
53068
53069
53072
53075
53080
53086
53093
53097
53099
53100
53101
53102
53108
53112
53114
53118
53122
53126
53130
53135
53140
53142
53143
53144
53145
53146
53152
53158
53162
53165
53175
53178
53182
53184
53185
53192
53195
53199
53202
53208
53216
53217
53222
53224
61769
61888
61898
262273
262310
262329
262333
262344
262353
262375
262394
262400
262401
262403
262406
262419
262420
262421
262428
262429
262434
262435
262444
262454
262459
262464
262469
262476
262488
262493
262499
262504
262509
262539
262557
262561
262565
262575
262579
262581
262585
262599
262604
262605
262623
262632
262643
262647
262650
262658
262659
262664
262668
262669
262673
262680
262684
262688
262690
262693
262695
262696
262699
262700
262704
262706
262713
262725
262729
262730
262732
262733
262737
262740
262741
262744
262750
262760
262765
262773
262775
262777
262778
262780
262789
262792
262793
262794
262797
262807
262808
262822
262827
262828
262831
262832
262838
262854
262855
262858
262861
262862
262865
262870
262878
262883
262885
262891
262901
262903
262906
262907
262908
262938
262952
262964
262977
262988
262996
263001
263015
263019
263035
263047
263053
263055
263057
263068
263070
263301
263311
263328
263332
263353
263357
263416
263442
263444
263447
263460
263469
263471
263499
263513
263525
263541
263543
263558
263583
263603
2906
7162
8075
11706
12989
13335
13414
13878
15133
15169
15180
28122
28206
28349
28604
28652
30081
32934
35788
36408
53131
53171
262446
262558
262681
263080
14204
14282
16397
16509
16685
19873
20142
20406
21574
21911
22356
27715
28195
28216
28271
28589
28625
28630
28666
33182
52697
52925
52977
53038
53070
53221
53231
61440
262363
262501
262516
262518
262544
262545
262609
262660
262666
262686
262757
262787
263071
263461
263678
28571
52888
52992
53166
53187
262742
1251
1916
11644
12136
14026
14650
20121
22548
23074
28637
53116
53237
42
3856
12654
20144
28001
31529
16594
16736
23128
28143
28155
28189
28200
28204
28207
28275
28289
28292
28300
28636
52551
52678
52691
52720
52732
52752
52770
52824
52868
52873
52880
52892
52915
52945
52964
52967
53018
53066
53079
53104
53179
262413
262620
262631
262716
262721
262743
262761
262965
262981
263008
263061
263072
263113
263536
22250
28135
28576
30122
53111
53115
