112 1
1120 2
1251 6
1280 3
1797 2
1853 2
1916 27
2647 4
2688 6
2715 3
2716 8
2900 1
2906 1
3132 1
3356 2
3549 18
3557 1
3573 3
3598 1
3603 1
3917 1
3943 1
4907 1
4913 2
5319 1
6057 5
6432 1
6471 19
6507 1
6584 1
6762 5
6939 7
6979 1
7005 1
7048 2
7049 68
7158 1
7162 5
7298 2
7303 1
7313 1
7473 2
7660 2
7713 1
7738 4
7867 1
8026 1
8055 1
8068 1
8070 1
8071 1
8075 6
8141 2
8167 4
8368 6
9150 1
10299 1
10318 1
10362 1
10412 1
10417 3
10429 4
10481 2
10531 1
10558 1
10670 1
10704 1
10715 1
10733 8
10881 8
10897 1
10986 1
11008 1
11014 2
11058 4
11097 2
11179 1
11193 1
11242 10
11284 1
11303 1
11338 1
11340 3
11385 1
11423 1
11431 1
11432 14
11537 2
11581 1
11588 2
11644 1
11664 2
11706 2
11750 5
11751 2
11802 3
11835 103
11844 1
11892 1
11911 1
11931 1
12008 1
12136 1
12259 1
12654 1
12956 3
12989 52
13335 1
13357 1
13381 1
13414 2
13495 1
13522 1
13537 1
13550 2
13585 1
13878 6
13914 1
14026 1
14066 1
14117 1
14187 1
14201 1
14204 1
14232 1
14234 1
14259 43
14282 12
14318 1
14457 3
14463 3
14551 1
14571 1
14650 1
14781 1
14840 54
14868 39
14886 1
14966 1
14986 1
15133 2
15169 9
15180 11
15208 1
15226 1
15274 1
16397 32
16477 1
16509 1
16594 1
16625 1
16685 6
16735 256
16736 1
16780 1
16814 8
16830 1
16839 1
16849 1
16874 1
16876 2
16891 1
16921 5
16978 1
16990 1
17069 1
17126 1
17147 1
17222 4
18492 1
18547 2
18559 1
18680 1
18747 6
18822 1
18836 1
18881 384
19077 1
19180 3
19182 1
19200 1
19331 1
19425 1
19429 11
19602 1
19611 1
19710 1
19723 1
19763 1
19873 1
19889 1
19960 1
19990 1
20044 1
20121 1
20142 2
20144 1
20264 1
20321 1
20406 2
20446 1
20940 5
21342 1
21433 1
21506 1
21571 1
21574 3
21575 1
21578 1
21595 1
21612 1
21740 1
21753 1
21758 1
21766 3
21826 1
21862 1
21911 2
21983 1
22071 1
22085 1
22092 1
22128 2
22148 3
22177 13
22244 1
22250 1
22356 22
22368 1
22381 4
22388 2
22407 1
22431 4
22548 9
22626 1
22689 3
22706 1
22819 1
22975 1
23002 3
23074 1
23105 1
23106 19
23108 1
23128 1
23289 2
23596 1
24424 1
25192 3
25718 1
25933 60
26107 1
26121 438
26218 1
26363 1
26598 1
26604 1
26607 1
26608 1
26609 5
26615 5
26616 3
26622 1
26704 1
26769 9
26910 1
26978 3
27221 1
27651 3
27656 1
27659 1
27664 1
27676 1
27678 9
27682 1
27688 1
27691 1
27692 1
27693 15
27697 3
27715 2
27720 5
27724 24
27732 1
27735 1
27738 1
27750 2
27765 2
27769 1
27792 1
27797 1
27818 1
27833 1
27838 1
27843 2
27849 1
27853 1
27874 1
27883 1
27888 1
27899 1
27901 1
27904 1
27909 1
27918 1
27925 1
27926 1
27937 1
27943 1
27946 1
27952 1
27953 1
27955 1
27960 1
27964 1
27965 1
27971 1
27983 4
27986 13
27987 1
27988 1
27997 1
28000 1
28001 1
28009 1
28015 1
28019 1
28023 1
28028 1
28032 8
28035 1
28039 1
28044 1
28059 1
28068 1
28077 1
28083 2
28091 1
28096 1
28099 1
28100 1
28106 1
28111 1
28120 1
28122 2
28123 2
28124 5
28125 4
28126 2
28127 2
28128 1
28130 1
28131 1
28132 2
28133 2
28134 2
28135 11
28136 2
28137 2
28138 2
28139 1
28140 1
28141 5
28142 4
28143 1
28144 1
28145 4
28146 23
28148 1
28150 1
28151 2
28152 1
28153 5
28154 2
28155 5
28156 1
28157 1
28158 9
28160 3
28161 1
28162 1
28163 3
28164 1
28165 5
28166 2
28167 1
28168 51
28169 6
28171 4
28172 2
28173 4
28174 1
28175 1
28176 1
28177 1
28178 2
28180 1
28181 2
28182 1
28184 1
28186 15
28187 2
28188 1
28189 2
28191 4
28192 7
28193 1
28194 1
28195 2
28198 4
28199 2
28201 2
28202 5
28203 1
28204 2
28205 2
28206 2
28207 3
28208 2
28209 2
28210 4
28211 1
28212 2
28214 4
28215 1
28216 2
28219 1
28220 6
28223 1
28224 14
28225 1
28226 5
28227 2
28229 2
28230 1
28233 2
28234 1
28235 2
28236 1
28238 1
28239 3
28240 1
28241 5
28243 1
28244 7
28245 6
28247 3
28248 1
28249 1
28250 24
28251 1
28252 1
28253 1
28254 2
28255 1
28256 1
28257 2
28258 6
28259 2
28260 2
28262 1
28263 9
28265 2
28266 7
28267 5
28268 3
28269 1
28270 1
28271 5
28272 1
28274 1
28275 1
28277 1
28278 2
28279 8
28280 2
28281 4
28282 1
28283 12
28284 3
28285 4
28287 7
28288 2
28289 1
28292 5
28293 1
28294 3
28296 2
28298 1
28299 12
28300 2
28301 1
28303 59
28305 1
28306 16
28307 2
28309 7
28310 2
28311 2
28313 2
28318 1
28320 1
28322 1
28323 1
28324 1
28325 2
28326 3
28327 2
28328 6
28329 55
28330 3
28331 1
28332 1
28334 1
28335 1
28336 1
28338 9
28339 1
28340 1
28341 1
28342 1
28343 23
28346 1
28347 7
28348 1
28349 4
28350 1
28351 1
28352 7
28353 1
28356 1
28358 3
28359 5
28360 13
28361 2
28362 2
28364 1
28367 1
28368 31
28369 2
28370 1
28377 2
28498 2
28499 1
28511 3
28571 1
28572 1
28573 1
28576 2
28577 1
28579 2
28580 14
28582 1
28583 2
28584 1
28586 3
28587 1
28588 1
28589 2
28590 4
28591 3
28592 2
28593 1
28594 2
28595 1
28596 2
28597 1
28598 10
28599 1
28600 1
28601 1
28604 1
28605 3
28606 1
28609 1
28610 1
28613 1
28614 1
28615 4
28616 1
28617 1
28618 2
28620 3
28621 1
28622 1
28623 1
28624 7
28625 17
28626 2
28630 2
28634 4
28635 1
28636 1
28637 2
28638 1
28639 3
28640 7
28641 1
28642 2
28644 1
28645 2
28647 2
28649 5
28650 1
28651 1
28652 2
28653 2
28654 8
28656 2
28657 2
28658 3
28660 1
28661 1
28662 1
28663 1
28664 1
28665 2
28666 12
28667 5
28668 2
28669 10
28670 1
29587 1
29748 4
29754 1
29798 1
30081 1
30122 3
30419 1
31529 1
31915 1
32161 1
32590 1
32723 1
33075 1
33182 2
33438 2
33517 1
33597 1
33724 1
34106 1
34141 1
35052 1
35064 1
35204 1
35788 1
35995 1
36032 1
36224 1
36384 1
36408 2
40703 1
42385 2
42473 2
43515 1
44806 1
46636 1
47065 1
48517 1
49285 1
52234 1
52239 1
52240 1
52241 1
52252 1
52259 1
52267 1
52270 1
52271 1
52273 1
52279 1
52280 3
52291 1
52294 1
52300 2
52306 1
52308 3
52313 1
52315 1
52316 1
52320 7
52322 1
52323 4
52326 1
52327 1
52330 1
52341 1
52346 1
52351 1
52352 1
52354 1
52368 2
52372 1
52374 3
52376 3
52383 1
52384 1
52394 1
52400 1
52401 1
52402 1
52407 1
52414 1
52419 1
52420 1
52425 1
52428 2
52431 1
52436 1
52444 1
52452 1
52453 1
52455 1
52460 1
52465 1
52473 1
52474 1
52475 1
52479 1
52490 1
52492 1
52497 1
52498 1
52503 1
52516 1
52517 1
52518 1
52520 1
52522 1
52524 1
52526 1
52527 2
52528 2
52529 1
52530 1
52531 3
52532 3
52535 1
52536 1
52537 2
52538 1
52539 2
52540 1
52541 1
52543 1
52544 2
52545 1
52546 1
52547 2
52548 1
52549 1
52550 7
52552 1
52554 6
52556 1
52557 1
52558 1
52559 5
52560 1
52561 1
52562 3
52563 1
52564 1
52565 2
52566 1
52567 1
52568 3
52569 1
52570 1
52571 1
52572 1
52573 4
52575 1
52576 1
52577 2
52578 1
52579 10
52580 1
52582 1
52583 1
52584 1
52586 1
52587 1
52588 2
52589 2
52591 1
52592 1
52594 1
52595 1
52596 4
52597 1
52598 2
52599 1
52601 1
52604 5
52605 2
52606 1
52607 1
52608 1
52609 1
52610 4
52611 1
52612 2
52613 1
52614 2
52616 2
52618 1
52621 1
52622 1
52623 1
52624 1
52625 1
52629 1
52630 1
52631 1
52632 1
52633 1
52634 2
52635 1
52636 1
52637 1
52638 1
52639 1
52640 2
52641 1
52643 1
52644 1
52646 1
52647 1
52650 3
52653 1
52654 1
52655 1
52656 1
52657 1
52659 2
52660 2
52661 2
52662 1
52663 1
52664 1
52665 1
52666 1
52668 3
52669 1
52670 1
52673 1
52674 2
52675 1
52677 2
52678 3
52679 1
52680 1
52681 1
52683 2
52684 1
52685 4
52686 2
52688 1
52689 4
52691 2
52692 1
52693 1
52694 2
52695 1
52696 3
52697 3
52698 1
52699 1
52700 2
52701 1
52702 1
52705 1
52706 1
52707 1
52708 3
52709 3
52711 1
52712 2
52713 1
52714 1
52715 1
52719 1
52720 15
52721 1
52722 1
52724 2
52725 1
52726 1
52727 2
52728 2
52729 1
52730 4
52732 1
52733 1
52734 2
52736 2
52737 1
52739 1
52741 2
52742 2
52744 1
52745 1
52746 1
52747 6
52748 4
52749 1
52750 1
52751 2
52752 20
52753 2
52758 3
52759 1
52760 1
52761 2
52762 4
52763 1
52764 1
52765 2
52766 1
52767 1
52768 3
52769 3
52770 11
52773 2
52774 1
52775 3
52777 1
52778 1
52779 1
52780 3
52782 1
52783 9
52784 1
52785 2
52786 1
52787 1
52788 1
52789 1
52790 1
52791 1
52793 1
52794 1
52795 1
52796 1
52798 1
52799 1
52800 1
52801 1
52802 1
52803 2
52804 1
52805 1
52807 2
52809 1
52811 2
52812 2
52813 1
52814 1
52815 1
52816 1
52817 1
52818 3
52819 2
52821 1
52822 1
52824 2
52825 1
52827 1
52828 2
52829 1
52830 1
52831 1
52833 1
52835 2
52836 1
52837 1
52838 1
52839 1
52840 1
52841 1
52842 1
52843 1
52844 1
52845 1
52846 1
52847 1
52848 1
52850 4
52851 2
52852 1
52853 1
52856 2
52858 1
52859 2
52860 2
52861 3
52862 1
52864 3
52865 1
52866 2
52869 2
52871 3
52872 3
52873 7
52874 1
52875 1
52876 1
52877 1
52878 1
52879 1
52880 1
52881 1
52883 1
52884 1
52886 2
52887 1
52888 3
52892 5
52894 1
52896 2
52897 1
52898 2
52899 1
52900 1
52901 3
52902 1
52904 3
52906 1
52907 1
52908 1
52909 1
52910 1
52911 1
52912 2
52913 1
52914 1
52915 1
52916 1
52917 1
52918 1
52920 1
52922 1
52923 1
52925 5
52926 1
52927 1
52930 1
52931 1
52932 2
52933 1
52934 2
52935 3
52936 2
52937 3
52938 1
52939 1
52940 2
52941 4
52942 1
52943 1
52944 1
52945 1
52946 2
52948 1
52950 1
52951 1
52952 2
52955 1
52956 2
52957 7
52958 1
52959 1
52960 5
52961 1
52962 2
52963 1
52964 2
52965 27
52966 1
52967 10
52968 1
52969 1
52970 1
52972 2
52973 2
52974 5
52976 1
52977 1
52978 1
52979 1
52980 1
52981 1
52982 1
52984 1
52986 2
52987 2
52988 2
52990 1
52991 1
52993 4
52995 2
52996 1
52998 1
52999 1
53001 1
53002 1
53004 1
53005 1
53006 1
53007 1
53008 2
53009 1
53010 1
53011 1
53013 1
53014 1
53015 3
53016 1
53017 1
53018 1
53019 2
53021 1
53022 2
53023 1
53024 2
53025 4
53028 1
53029 1
53033 1
53037 2
53038 2
53040 2
53041 1
53043 3
53044 1
53045 1
53046 2
53047 2
53048 2
53050 2
53051 1
53053 3
53054 1
53055 3
53056 1
53058 2
53059 9
53061 7
53062 24
53064 3
53065 2
53066 3
53067 1
53068 1
53069 1
53070 2
53071 3
53072 3
53073 1
53075 4
53077 2
53078 3
53079 1
53080 2
53081 1
53082 1
53084 1
53086 1
53087 14
53088 1
53089 1
53090 2
53093 1
53094 1
53095 1
53097 1
53098 1
53099 2
53100 1
53101 1
53102 3
53104 2
53106 1
53108 1
53109 1
53110 3
53111 2
53112 6
53114 1
53115 7
53116 2
53117 1
53118 4
53119 1
53121 1
53122 1
53123 1
53125 1
53126 1
53130 2
53131 3
53132 1
53133 1
53134 1
53135 2
53137 4
53138 2
53139 1
53140 1
53141 1
53142 3
53143 4
53144 2
53145 5
53146 1
53149 1
53150 1
53152 3
53153 4
53155 1
53156 1
53158 4
53159 1
53160 2
53161 2
53162 3
53163 6
53164 1
53165 1
53166 2
53167 2
53169 7
53170 1
53171 5
53172 1
53173 1
53174 2
53175 3
53176 3
53178 3
53179 1
53180 4
53181 4
53182 5
53183 2
53185 2
53186 1
53187 2
53188 1
53189 1
53192 3
53194 1
53195 3
53196 1
53199 3
53201 1
53204 1
53205 1
53206 1
53207 1
53208 3
53209 1
53210 1
53212 1
53213 1
53216 2
53218 1
53220 1
53221 2
53222 3
53223 2
53224 14
53225 1
53227 1
53228 1
53229 1
53230 1
53231 1
53232 1
53233 2
53235 2
53236 3
53237 61
53238 2
53240 1
53241 1
53242 2
53243 1
53244 1
53246 2
53247 1
53346 1
53723 1
53847 1
53962 1
54818 1
55023 1
55041 1
57515 1
58620 1
61084 1
61163 1
61440 1
61444 1
61455 1
61633 1
61636 1
61637 1
61638 1
61639 1
61642 1
61649 1
61650 1
61651 1
61653 2
61655 1
61658 1
61663 1
61666 2
61669 1
61671 2
61672 1
61673 1
61675 1
61678 1
61679 1
61682 1
61688 2
61695 1
61697 2
61698 1
61701 1
61702 1
61703 1
61707 1
61710 1
61712 1
61713 1
61714 1
61716 1
61717 2
61718 1
61720 1
61724 1
61725 1
61726 1
61729 1
61730 1
61734 1
61740 1
61741 1
61742 1
61745 1
61746 1
61748 1
61751 1
61752 1
61753 1
61754 2
61755 1
61757 1
61758 1
61759 1
61762 1
61764 1
61765 2
61768 1
61769 2
61770 2
61772 1
61774 1
61775 1
61776 1
61777 1
61780 1
61783 1
61784 1
61786 1
61787 1
61788 2
61794 1
61796 1
61797 1
61798 1
61799 2
61800 1
61802 1
61803 1
61804 1
61806 1
61808 1
61810 1
61811 1
61813 1
61815 1
61816 1
61819 1
61821 1
61823 1
61824 1
61825 1
61828 1
61829 1
61830 2
61831 1
61838 1
61839 2
61841 1
61844 1
61846 1
61847 1
61849 1
61850 1
61851 1
61853 1
61854 1
61856 1
61857 1
61858 1
61862 1
61865 1
61866 1
61867 1
61868 1
61872 1
61873 1
61874 1
61877 1
61878 1
61883 1
61884 1
61885 1
61888 1
61889 2
61892 1
61893 1
61894 1
61895 2
61896 1
61897 1
61898 1
61899 1
61900 1
61902 2
61905 1
61906 1
61907 1
61908 1
61910 2
61911 1
61913 1
61914 1
61915 2
61917 2
61918 1
61919 2
61920 1
61921 2
61922 1
61924 1
61925 1
61926 1
61927 1
61928 2
61929 1
61930 1
61932 1
61934 1
61937 1
61938 1
61939 2
61944 1
61945 2
61947 1
61948 1
61951 1
62519 1
62597 1
64515 2
64600 1
65000 1
65400 1
132591 1
197483 1
198412 1
199156 1
200070 1
200177 1
262150 2
262155 1
262167 1
262168 1
262186 1
262189 1
262192 3
262195 17
262222 1
262224 1
262237 4
262253 1
262256 2
262264 1
262268 2
262270 2
262271 1
262272 1
262274 1
262275 1
262276 1
262278 1
262279 1
262280 1
262281 1
262282 2
262283 1
262284 1
262285 1
262286 1
262287 1
262288 1
262289 1
262290 2
262292 1
262293 2
262294 1
262295 1
262296 1
262298 3
262299 1
262300 2
262301 1
262302 1
262303 1
262304 2
262305 1
262306 2
262307 1
262308 1
262309 2
262310 2
262311 2
262312 1
262313 1
262314 3
262315 1
262316 2
262318 1
262319 1
262320 1
262321 2
262322 2
262323 1
262324 2
262325 1
262327 1
262328 1
262329 1
262330 2
262331 1
262332 1
262333 2
262334 1
262335 1
262336 3
262340 1
262342 1
262343 1
262344 3
262346 2
262348 1
262350 1
262351 2
262352 2
262353 2
262354 3
262355 7
262356 1
262358 1
262359 2
262360 1
262361 1
262362 1
262363 2
262364 1
262365 1
262367 1
262368 1
262372 1
262373 4
262374 3
262375 5
262376 1
262377 3
262378 1
262379 1
262381 1
262383 3
262385 1
262388 2
262390 1
262391 2
262394 4
262395 1
262396 2
262397 1
262399 3
262400 1
262401 6
262402 4
262403 2
262404 2
262405 1
262406 1
262407 1
262408 2
262411 1
262412 1
262413 2
262414 1
262415 1
262416 3
262417 4
262418 1
262419 1
262420 2
262421 3
262422 1
262423 1
262425 1
262426 1
262427 1
262428 2
262429 4
262430 2
262432 1
262433 2
262434 4
262435 2
262436 1
262437 1
262438 1
262439 1
262440 2
262441 2
262442 1
262443 3
262444 3
262445 1
262446 3
262448 1
262449 1
262450 1
262451 2
262452 1
262453 2
262454 2
262457 1
262458 3
262459 2
262460 2
262462 2
262463 1
262464 3
262465 1
262466 1
262468 1
262469 2
262470 1
262473 1
262474 2
262476 14
262478 1
262480 1
262481 1
262482 2
262484 1
262485 1
262487 4
262488 3
262489 1
262490 1
262491 2
262493 7
262494 2
262496 2
262497 2
262499 2
262500 1
262501 1
262502 4
262503 1
262504 3
262505 4
262506 1
262509 2
262510 1
262511 1
262512 1
262514 2
262516 1
262517 3
262518 1
262519 1
262520 1
262521 1
262522 1
262523 1
262524 1
262525 1
262526 5
262527 1
262530 1
262531 1
262532 1
262533 1
262534 1
262535 1
262537 1
262538 1
262539 2
262540 2
262541 1
262542 2
262543 1
262544 5
262545 1
262546 1
262548 1
262551 1
262552 1
262553 1
262554 1
262557 3
262558 2
262560 3
262561 7
262562 1
262565 1
262566 3
262568 2
262569 1
262570 1
262571 1
262572 1
262573 1
262575 2
262576 1
262577 1
262578 2
262579 1
262581 1
262582 1
262583 1
262584 1
262585 2
262586 1
262587 1
262588 1
262589 26
262590 1
262591 2
262592 1
262593 1
262594 2
262595 1
262596 1
262597 1
262598 2
262599 16
262600 4
262601 1
262602 1
262603 1
262604 4
262605 3
262606 1
262607 1
262608 1
262609 2
262610 1
262611 1
262612 1
262613 1
262615 1
262616 1
262617 1
262618 1
262619 1
262620 2
262621 1
262622 1
262623 2
262624 2
262625 1
262627 1
262628 1
262630 1
262631 2
262632 2
262633 2
262634 1
262635 1
262636 1
262637 1
262638 2
262640 1
262641 1
262642 1
262643 2
262644 1
262645 1
262646 1
262647 1
262649 2
262650 1
262652 1
262658 1
262659 10
262660 5
262661 1
262662 2
262663 1
262664 2
262665 1
262666 2
262667 2
262668 1
262669 4
262671 1
262673 2
262674 1
262675 1
262676 1
262678 1
262680 1
262681 2
262682 1
262683 2
262684 2
262686 3
262687 10
262688 8
262689 5
262690 2
262691 1
262693 1
262694 1
262695 5
262696 4
262698 2
262699 3
262700 4
262701 1
262702 1
262704 2
262706 9
262707 1
262708 2
262711 2
262713 1
262715 2
262716 1
262717 3
262720 1
262721 3
262722 1
262723 1
262725 4
262726 2
262727 2
262728 1
262729 2
262730 4
262731 3
262732 1
262733 8
262734 1
262735 1
262736 1
262737 4
262738 3
262740 4
262741 1
262742 2
262743 5
262744 2
262745 1
262746 2
262747 1
262748 5
262749 1
262750 11
262751 1
262752 2
262753 1
262755 2
262756 1
262757 2
262758 1
262759 2
262760 17
262761 19
262763 1
262764 1
262765 5
262766 3
262767 1
262768 1
262769 2
262770 2
262772 1
262773 8
262775 2
262777 2
262778 3
262779 1
262780 2
262781 3
262782 1
262784 1
262785 3
262786 1
262787 2
262788 3
262789 3
262790 1
262791 3
262792 3
262793 3
262794 1
262797 3
262798 2
262801 3
262802 2
262803 1
262805 2
262806 3
262807 3
262808 3
262810 1
262812 1
262813 1
262814 4
262815 1
262817 1
262818 1
262819 1
262821 1
262822 6
262824 1
262825 1
262826 1
262827 3
262828 2
262829 2
262830 2
262831 1
262832 4
262836 1
262837 1
262838 1
262839 2
262841 1
262843 1
262844 1
262847 4
262848 7
262849 2
262851 4
262854 5
262855 2
262856 2
262857 1
262859 14
262860 1
262861 1
262862 2
262863 1
262865 3
262866 1
262867 1
262868 3
262869 2
262870 1
262871 1
262872 1
262874 1
262875 2
262876 1
262877 1
262878 1
262879 1
262880 2
262881 1
262883 2
262886 1
262888 1
262889 1
262890 1
262891 4
262892 2
262893 1
262895 1
262896 1
262899 3
262900 1
262901 1
262902 1
262903 2
262905 1
262906 3
262907 13
262908 2
262910 1
262911 3
262938 1
262940 1
262947 1
262949 3
262950 1
262952 1
262953 1
262954 1
262955 3
262956 1
262957 1
262958 1
262959 1
262960 2
262961 1
262962 1
262963 1
262964 1
262965 1
262966 1
262967 1
262968 1
262970 1
262971 1
262972 1
262973 1
262974 1
262975 1
262976 1
262977 1
262978 3
262979 1
262980 1
262981 1
262982 1
262984 1
262985 1
262986 1
262987 1
262988 2
262989 5
262990 1
262992 1
262993 1
262994 1
262995 1
262996 7
262997 3
262998 1
262999 4
263000 2
263001 9
263002 1
263003 2
263004 5
263005 1
263006 2
263007 1
263008 1
263009 1
263010 1
263011 3
263014 1
263015 1
263016 1
263017 2
263018 4
263019 2
263020 1
263024 1
263025 1
263026 2
263027 2
263028 1
263029 1
263030 2
263031 1
263032 1
263033 1
263035 2
263036 1
263037 2
263038 3
263040 1
263041 1
263042 2
263043 2
263045 1
263046 1
263047 7
263048 1
263049 1
263051 1
263052 1
263053 7
263054 2
263055 2
263056 2
263057 5
263058 1
263059 1
263060 1
263061 1
263062 2
263064 2
263065 1
263066 1
263067 1
263068 1
263069 1
263070 2
263071 2
263072 4
263073 3
263074 1
263075 1
263076 1
263077 1
263078 1
263079 1
263080 12
263081 1
263083 1
263084 1
263086 1
263087 1
263089 1
263091 1
263092 2
263094 1
263096 1
263097 1
263099 4
263100 2
263101 1
263103 1
263104 1
263105 1
263108 1
263111 1
263112 1
263113 1
263116 1
263120 1
263121 1
263124 1
263126 2
263128 1
263131 1
263132 1
263133 1
263136 1
263137 1
263140 1
263142 1
263143 3
263144 1
263151 1
263153 1
263154 1
263155 1
263159 1
263162 1
263164 3
263165 1
263166 1
263172 1
263183 1
263185 1
263189 1
263190 1
263213 1
263224 1
263236 1
263237 1
263251 1
263252 1
263255 1
263257 1
263258 1
263260 1
263262 1
263263 3
263264 2
263265 1
263266 2
263267 1
263268 1
263269 1
263270 1
263271 1
263274 1
263276 1
263277 1
263279 2
263280 1
263281 1
263282 1
263283 2
263284 1
263285 1
263286 1
263288 2
263289 3
263290 1
263293 1
263294 1
263297 1
263298 1
263299 1
263300 1
263301 1
263302 1
263303 2
263304 2
263305 1
263306 1
263307 1
263310 1
263311 1
263312 1
263313 1
263314 5
263315 1
263316 1
263317 1
263319 1
263321 1
263322 1
263323 1
263324 2
263325 1
263326 1
263328 1
263329 1
263330 1
263331 1
263332 2
263333 1
263334 1
263336 1
263338 1
263339 1
263340 1
263341 1
263343 1
263344 1
263345 1
263346 1
263348 1
263349 1
263351 1
263353 1
263356 1
263357 1
263360 1
263367 1
263368 1
263370 1
263371 1
263372 1
263373 1
263374 2
263376 1
263377 1
263379 1
263382 1
263384 2
263385 1
263386 1
263387 1
263389 1
263391 2
263393 2
263394 1
263396 1
263397 1
263398 1
263399 2
263401 1
263402 1
263404 1
263406 1
263408 1
263410 1
263415 1
263416 3
263417 1
263418 2
263419 1
263420 1
263421 1
263424 2
263425 1
263426 1
263427 1
263428 1
263431 2
263432 7
263433 1
263435 2
263437 1
263438 1
263439 2
263440 1
263441 3
263442 1
263443 2
263444 3
263445 1
263447 1
263448 1
263451 2
263453 1
263457 1
263458 1
263459 1
263460 2
263461 2
263462 1
263465 1
263467 2
263468 1
263469 1
263470 1
263471 2
263472 1
263473 1
263475 1
263480 1
263481 1
263482 1
263483 1
263484 1
263485 1
263486 1
263487 1
263488 1
263489 1
263490 1
263491 1
263492 2
263493 1
263494 2
263495 2
263496 2
263497 1
263498 2
263499 2
263502 1
263503 1
263504 1
263507 1
263508 1
263509 1
263510 2
263512 2
263513 2
263514 1
263515 2
263516 1
263517 1
263518 1
263519 1
263520 1
263521 1
263523 1
263524 1
263525 1
263526 2
263527 1
263529 2
263531 2
263532 1
263535 2
263536 1
263538 1
263539 2
263540 1
263541 1
263543 1
263545 1
263546 5
263548 1
263551 1
263553 2
263554 1
263555 1
263556 1
263557 1
263558 1
263560 1
263561 1
263562 1
263564 1
263565 1
263566 2
263567 2
263568 1
263569 1
263570 1
263572 1
263573 1
263575 1
263576 1
263577 1
263578 1
263579 3
263580 1
263582 2
263583 2
263584 5
263585 3
263586 2
263587 1
263589 1
263591 1
263592 1
263593 2
263594 2
263596 1
263597 1
263598 2
263599 1
263600 1
263602 1
263603 2
263604 2
263605 1
263606 1
263610 1
263611 1
263613 2
263614 1
263615 1
263616 3
263617 1
263620 1
263621 1
263622 1
263623 1
263626 1
263628 1
263630 1
263631 2
263632 1
263633 1
263634 1
263635 1
263636 1
263637 1
263640 1
263641 2
263643 2
263645 2
263646 1
263647 1
263648 1
263649 3
263650 1
263651 1
263652 1
263653 1
263654 2
263656 3
263659 2
263660 1
263663 1
263664 1
263665 1
263666 2
263667 1
263668 1
263669 1
263670 1
263672 2
263675 1
263676 1
263677 1
263678 2
263679 1
264352 1
264353 1
