2716 2
3573 1
6979 1
8055 2
8167 2
10733 1
10897 1
11097 1
11284 1
11338 1
11431 1
11432 3
11802 2
11835 1
11844 1
12989 2
13357 1
13495 1
13914 1
14026 1
14204 1
14282 13
14457 1
14840 50
14868 59
16685 8
16735 2
18836 1
18881 422
20044 1
20144 1
20940 1
21433 1
21758 1
21911 2
22071 1
22092 1
22128 1
22148 2
22177 2
22356 10
22689 3
22819 1
23289 1
25933 60
26121 22
26218 1
26363 1
26598 1
26609 4
26616 2
26622 1
27656 1
27682 1
27715 2
28123 1
28125 2
28126 1
28128 1
28130 1
28131 1
28135 10
28139 1
28142 4
28143 1
28145 4
28148 1
28154 1
28155 3
28156 1
28157 1
28158 7
28160 2
28163 1
28165 1
28167 1
28169 6
28173 9
28176 1
28177 1
28180 1
28181 1
28184 1
28188 1
28191 1
28192 8
28193 1
28204 2
28205 2
28212 1
28215 1
28224 13
28227 1
28230 1
28241 3
28244 3
28248 1
28249 1
28251 1
28252 1
28253 1
28256 1
28258 3
28259 2
28261 1
28269 1
28278 2
28279 4
28281 1
28283 2
28285 4
28287 7
28288 2
28292 4
28293 1
28296 1
28299 3
28300 1
28305 1
28307 1
28309 2
28323 1
28325 1
28326 1
28327 1
28328 6
28329 2
28336 1
28339 1
28343 23
28346 2
28356 1
28359 3
28360 9
28361 1
28364 1
28367 1
28369 2
28576 5
28579 1
28580 11
28583 1
28584 1
28587 1
28591 1
28592 1
28594 1
28595 1
28600 1
28605 3
28606 1
28615 1
28617 1
28620 3
28621 1
28622 1
28635 1
28636 1
28638 1
28639 2
28640 1
28642 2
28645 1
28650 1
28652 2
28657 1
28660 1
28662 1
28663 7
28664 1
28669 12
28670 1
33517 1
35204 1
36032 1
36224 1
52520 1
52526 1
52531 1
52532 2
52536 1
52537 2
52538 1
52541 1
52544 2
52546 1
52547 2
52552 1
52554 7
52556 1
52557 1
52559 5
52562 1
52564 1
52565 2
52566 1
52568 2
52570 1
52573 2
52574 1
52582 1
52583 1
52584 1
52588 2
52591 1
52592 2
52594 1
52595 1
52596 2
52598 2
52600 1
52601 1
52605 1
52606 1
52610 3
52616 1
52622 1
52624 1
52625 1
52630 1
52634 1
52635 1
52636 1
52638 1
52643 1
52646 1
52647 1
52650 1
52653 1
52654 1
52655 1
52656 1
52660 2
52663 1
52664 1
52666 1
52669 1
52674 1
52677 2
52681 1
52685 3
52688 1
52693 1
52694 1
52696 4
52698 1
52699 1
52700 1
52702 1
52709 4
52711 1
52715 1
52719 1
52721 1
52722 1
52724 1
52725 1
52728 1
52729 1
52730 4
52734 2
52739 1
52741 1
52742 1
52746 1
52747 1
52748 2
52749 1
52750 1
52751 2
52760 1
52761 2
52762 3
52764 1
52765 1
52769 1
52775 1
52777 2
52778 1
52779 1
52780 2
52783 8
52785 1
52786 1
52793 1
52799 1
52801 1
52802 1
52803 1
52807 1
52809 1
52811 1
52815 1
52818 3
52819 1
52822 1
52827 1
52828 1
52830 1
52831 1
52832 1
52844 1
52845 1
52846 1
52847 1
52851 1
52852 1
52858 1
52859 2
52860 1
52861 1
52869 1
52871 3
52872 1
52873 4
52877 1
52879 1
52881 1
52887 1
52892 4
52896 1
52901 1
52906 1
52907 1
52911 1
52912 1
52913 1
52920 1
52923 1
52926 1
52932 2
52933 1
52934 1
52935 2
52936 2
52938 1
52944 1
52945 1
52946 2
52948 1
52959 1
52960 3
52961 1
52963 1
52965 27
52966 1
52968 1
52970 1
52972 2
52978 2
52993 3
52995 2
52998 1
53001 2
53004 1
53007 1
53010 1
53014 1
53015 3
53016 1
53022 1
53023 1
53024 1
53028 1
53033 1
53038 2
53043 2
53045 1
53046 1
53047 2
53048 2
53050 2
53054 1
53055 1
53062 2
53065 3
53066 1
53067 1
53071 2
53072 1
53073 1
53077 1
53078 4
53084 1
53087 16
53090 1
53093 1
53094 1
53097 2
53100 1
53101 1
53102 1
53110 1
53112 4
53115 2
53119 1
53121 1
53123 1
53132 1
53134 1
53137 3
53138 1
53141 1
53144 1
53149 1
53153 3
53158 1
53159 1
53160 2
53161 1
53163 6
53164 1
53167 1
53170 1
53174 2
53175 2
53176 2
53178 1
53183 1
53192 1
53195 1
53196 1
53197 1
53198 1
53207 1
53218 1
53220 1
53221 1
53222 1
53223 2
53227 1
53228 1
53233 2
53235 2
53237 60
53238 5
53240 1
53241 1
53245 1
53247 1
61568 1
61633 1
61637 1
61642 1
61646 1
61651 1
61653 1
61655 1
61657 1
61658 1
61662 1
61663 1
61667 1
61671 1
61672 1
61679 1
61682 1
61690 2
61692 1
61696 1
61698 1
61703 1
61714 1
61717 2
61720 1
61734 1
61737 1
61741 1
61742 1
61745 1
61748 1
61751 1
61752 1
61762 1
61763 1
61765 1
61766 1
61769 1
61770 1
61777 1
61780 1
61786 1
61788 2
61791 1
61794 1
61799 1
61800 1
61802 1
61803 1
61806 1
61811 1
61813 1
61814 1
61819 1
61830 2
61838 1
61844 1
61849 1
61850 1
61853 1
61854 1
61857 1
61858 1
61866 1
61868 1
61870 1
61873 1
61874 1
61881 1
61883 1
61888 3
61889 4
61892 1
61893 1
61895 1
61896 1
61897 1
61899 1
61900 1
61902 1
61905 2
61906 1
61910 1
61913 1
61914 1
61915 1
61917 1
61920 1
61921 2
61925 1
61931 1
61944 1
61945 2
61947 1
61948 1
64600 1
65009 1
262270 1
262276 1
262283 1
262289 1
262290 1
262292 1
262295 1
262296 2
262298 2
262299 1
262300 1
262302 1
262303 1
262304 1
262308 1
262309 1
262311 2
262314 1
262315 1
262316 1
262319 1
262320 1
262323 1
262324 1
262328 1
262330 1
262331 1
262332 1
262333 1
262334 1
262343 1
262351 2
262352 2
262355 8
262356 1
262358 1
262359 2
262361 1
262362 1
262365 1
262368 1
262373 1
262374 3
262377 1
262378 1
262381 1
262388 3
262390 1
262399 1
262400 1
262401 6
262402 1
262404 1
262407 2
262411 1
262412 1
262414 1
262415 1
262416 3
262417 1
262419 1
262425 1
262426 1
262430 2
262432 1
262433 1
262434 3
262435 1
262436 1
262438 1
262439 1
262440 2
262441 1
262443 2
262445 1
262449 1
262450 1
262451 2
262452 1
262457 1
262458 2
262459 2
262460 1
262462 1
262464 2
262465 1
262466 1
262468 1
262469 2
262470 1
262474 2
262476 16
262481 1
262485 1
262490 1
262491 2
262493 4
262496 1
262497 2
262500 1
262503 2
262504 1
262512 1
262516 1
262517 2
262518 1
262521 1
262523 1
262524 1
262526 5
262527 1
262531 1
262540 1
262542 2
262543 1
262544 3
262548 1
262549 1
262551 1
262554 1
262557 3
262558 1
262560 3
262569 1
262573 1
262581 1
262582 1
262586 1
262587 2
262588 1
262590 1
262591 1
262593 2
262594 4
262600 3
262601 1
262603 1
262604 2
262605 2
262611 1
262613 1
262615 1
262616 1
262618 1
262620 1
262621 1
262623 1
262625 1
262627 1
262633 2
262634 1
262635 1
262636 1
262637 2
262642 1
262649 1
262657 1
262662 1
262663 1
262667 1
262668 1
262669 3
262671 1
262678 1
262681 2
262687 9
262688 8
262689 5
262695 1
262696 1
262698 1
262700 2
262704 1
262707 1
262713 1
262720 4
262721 1
262725 5
262726 1
262728 1
262731 1
262732 2
262734 1
262737 1
262738 2
262740 6
262741 1
262748 4
262751 1
262752 1
262753 1
262756 1
262764 1
262766 1
262768 1
262769 1
262772 1
262773 9
262779 1
262781 2
262782 1
262784 1
262786 1
262789 2
262792 1
262793 3
262798 1
262802 2
262803 1
262812 1
262814 1
262817 1
262821 1
262822 5
262825 1
262826 1
262827 1
262828 1
262830 1
262831 1
262836 1
262837 1
262838 1
262843 1
262848 5
262849 1
262855 2
262856 2
262859 18
262862 1
262863 1
262865 3
262872 1
262874 1
262878 1
262879 1
262880 1
262881 1
262883 2
262891 3
262892 1
262902 1
262907 12
262911 2
262946 1
262947 1
262952 1
262955 3
262956 1
262957 1
262958 1
262960 2
262965 1
262967 1
262968 1
262971 1
262975 1
262976 1
262978 1
262980 1
262981 1
262985 1
262989 3
262990 1
262997 3
262998 1
262999 4
263000 2
263002 1
263003 2
263004 5
263008 1
263010 1
263011 2
263015 1
263017 1
263018 2
263020 1
263025 1
263026 1
263027 1
263029 1
263030 1
263035 1
263036 1
263037 1
263038 1
263040 1
263042 1
263043 1
263045 1
263047 6
263048 1
263049 1
263052 1
263053 6
263054 2
263056 1
263057 4
263058 1
263061 1
263065 1
263069 1
263070 1
263071 1
263072 3
263073 3
263074 1
263076 1
263077 1
263078 1
263079 1
263080 13
263081 1
263086 1
263089 1
263090 1
263091 1
263092 1
263094 1
263096 1
263099 4
263100 1
263101 1
263104 1
263108 1
263109 1
263111 1
263112 1
263116 1
263120 1
263126 1
263143 3
263144 1
263153 1
263155 1
263162 1
263164 2
263165 1
263166 1
263251 1
263252 1
263254 1
263255 1
263257 1
263258 1
263259 1
263260 1
263262 1
263263 1
263265 2
263266 1
263267 1
263268 1
263269 1
263274 1
263276 1
263279 1
263284 1
263285 1
263287 1
263288 1
263294 1
263297 1
263298 1
263302 2
263303 1
263304 1
263306 1
263321 2
263324 1
263329 1
263333 1
263341 1
263343 1
263344 1
263350 1
263351 1
263356 1
263362 1
263367 1
263371 1
263374 2
263377 1
263382 1
263384 2
263385 1
263391 2
263393 2
263394 1
263396 1
263398 1
263399 2
263402 1
263413 1
263415 1
263416 2
263417 1
263418 1
263419 1
263425 1
263428 1
263433 1
263435 1
263437 2
263438 1
263439 1
263441 3
263442 1
263443 2
263445 1
263451 2
263457 1
263459 2
263461 1
263465 1
263472 1
263473 1
263480 1
263482 1
263483 1
263484 1
263487 1
263492 1
263495 1
263498 1
263499 1
263503 1
263507 1
263509 1
263510 1
263511 1
263513 1
263515 1
263517 1
263518 1
263519 1
263520 1
263523 1
263526 2
263529 1
263532 1
263535 1
263538 2
263539 1
263543 1
263545 1
263546 6
263548 1
263551 1
263553 1
263554 1
263555 1
263557 1
263560 1
263564 1
263566 1
263569 1
263570 2
263576 1
263579 2
263580 1
263582 1
263585 1
263586 1
263587 1
263589 1
263594 2
263596 1
263597 1
263598 1
263599 1
263603 1
263604 2
263614 1
263616 2
263617 1
263621 1
263622 1
263628 1
263630 1
263641 1
263643 1
263646 1
263647 1
263648 1
263650 1
263654 1
263656 3
263657 1
263664 1
263667 1
263668 1
263670 1
263675 1
264352 1
264361 1
264364 1
264365 1
264374 1
264379 1
264381 1
264390 1
264393 1
264397 1
