2 2
11 1
42 1
112 1
174 4
206 2
1239 2
1251 4
1273 2
1280 2
1916 28
2647 2
2715 4
2716 8
2906 3
2914 3
3132 1
3257 2
3292 2
3300 1
3356 4
3549 248
3573 4
3917 1
4134 2
5459 2
5624 1
6429 7
6471 3
6505 2
6507 1
6762 9
6830 2
6979 2
7004 13
7048 2
7257 1
7298 2
7313 2
7365 1
7465 3
8055 3
8141 1
8167 174
10362 1
10412 2
10417 3
10429 2
10670 1
10688 1
10715 1
10733 7
10753 1
10881 7
10897 1
10954 3
11014 2
11097 1
11179 1
11242 9
11271 8
11284 1
11303 1
11338 2
11340 1
11423 1
11431 1
11432 18
11644 1
11751 4
11802 2
11835 101
11844 1
11892 1
11911 1
11921 1
11993 1
12008 2
12140 4
12654 1
12956 10
12989 29
13357 1
13414 3
13495 1
13522 3
13767 2
13774 1
13914 1
14026 1
14117 1
14201 2
14204 1
14259 47
14282 16
14346 2
14457 3
14463 3
14571 1
14650 1
14708 1
14781 1
14840 57
14868 57
14886 2
14966 1
15133 1
15208 1
15224 1
15256 1
15917 1
16397 57
16471 2
16477 1
16509 1
16629 4
16685 9
16712 1
16735 222
16736 1
16839 2
16849 1
16874 3
16876 2
16891 1
16921 8
16990 2
17108 1
17126 1
17147 1
17222 4
17638 2
17916 1
18492 1
18547 2
18739 1
18747 1
18822 1
18836 1
18881 398
19077 1
19200 1
19338 4
19602 1
19611 2
19723 1
19763 1
19873 1
19960 1
20015 2
20044 1
20142 1
20144 1
20446 1
20940 2
21433 1
21506 1
21571 2
21574 4
21595 1
21612 1
21734 1
21741 1
21753 1
21758 1
21838 3
21911 2
22055 1
22071 1
22092 1
22128 1
22148 2
22177 10
22250 1
22341 1
22356 31
22381 6
22407 1
22515 1
22548 10
22683 1
22689 4
22819 1
22860 1
22894 3
22975 1
23074 1
23105 1
23106 23
23128 1
23201 1
23289 1
23456 2
23596 1
25192 3
25620 1
25718 1
25761 2
25933 73
26104 1
26107 2
26118 1
26121 43
26218 2
26363 1
26415 1
26592 19
26598 1
26604 1
26606 2
26609 4
26615 4
26616 2
26622 3
26704 1
27343 1
27651 2
27656 1
27661 1
27664 1
27677 1
27678 10
27682 1
27688 1
27693 11
27697 2
27715 3
27720 5
27732 1
27735 2
27849 1
27853 1
27856 1
27874 1
27888 1
27899 1
27904 1
27909 1
27918 1
27943 1
27978 4
27986 4
28001 1
28008 1
28044 1
28047 1
28059 2
28077 1
28091 1
28099 1
28103 4
28106 1
28116 1
28120 1
28121 1
28122 1
28123 1
28124 3
28125 3
28126 2
28127 2
28128 1
28129 1
28130 2
28131 1
28132 2
28133 1
28134 1
28135 10
28137 1
28138 1
28139 1
28140 1
28141 4
28142 5
28143 1
28145 6
28146 22
28148 1
28150 1
28151 1
28152 1
28153 4
28154 3
28155 4
28156 1
28157 1
28158 9
28160 2
28161 1
28163 2
28164 1
28165 6
28166 1
28167 1
28168 18
28169 7
28171 4
28172 1
28173 7
28175 1
28176 2
28177 1
28178 2
28180 1
28181 3
28184 1
28187 2
28188 1
28189 2
28190 1
28191 2
28192 6
28193 2
28194 1
28195 1
28196 1
28197 1
28198 7
28199 1
28201 3
28202 7
28203 1
28204 3
28205 2
28206 1
28207 3
28208 2
28209 1
28210 5
28211 1
28212 2
28213 1
28214 3
28215 1
28216 1
28219 2
28220 7
28223 2
28224 13
28225 1
28226 12
28227 2
28229 1
28230 1
28233 1
28234 2
28238 1
28239 2
28240 1
28241 3
28242 2
28243 1
28244 7
28245 6
28247 2
28248 1
28249 1
28250 26
28251 1
28252 2
28253 1
28254 1
28256 1
28257 2
28258 6
28259 2
28260 3
28261 1
28263 9
28265 1
28266 5
28267 6
28268 3
28269 2
28270 1
28271 9
28272 1
28274 2
28275 1
28277 1
28278 3
28279 6
28280 1
28281 4
28282 1
28283 19
28284 3
28285 4
28288 2
28289 1
28292 3
28293 2
28294 2
28296 1
28298 1
28299 10
28300 1
28301 1
28303 69
28305 1
28306 17
28307 1
28308 1
28309 3
28310 3
28311 2
28313 2
28320 1
28321 1
28323 1
28324 1
28325 2
28326 3
28327 2
28328 6
28329 60
28330 1
28331 1
28332 2
28333 1
28334 1
28335 1
28336 1
28337 1
28339 1
28340 1
28341 1
28342 1
28343 24
28346 1
28348 1
28349 4
28350 1
28352 1
28353 1
28356 1
28357 1
28358 2
28359 3
28360 12
28361 1
28362 2
28364 1
28366 1
28367 1
28368 33
28369 2
28370 1
28377 2
28498 1
28499 1
28513 2
28571 2
28572 1
28573 1
28576 5
28577 1
28579 2
28580 18
28581 1
28583 3
28584 1
28586 3
28587 1
28588 1
28589 1
28590 2
28591 4
28592 2
28593 1
28594 3
28595 3
28596 1
28597 2
28598 9
28599 1
28600 1
28601 1
28602 1
28603 1
28604 1
28605 3
28606 1
28609 1
28613 2
28614 1
28615 2
28616 1
28617 1
28618 1
28620 3
28621 2
28622 1
28623 2
28624 5
28625 15
28626 2
28629 1
28630 2
28631 1
28634 1
28635 1
28636 1
28637 1
28638 1
28639 2
28640 5
28642 2
28644 1
28645 2
28646 1
28647 2
28649 4
28650 1
28651 1
28652 3
28653 3
28654 7
28656 3
28657 1
28660 1
28662 1
28663 5
28664 2
28665 1
28666 14
28667 5
28668 3
28669 13
28670 1
30081 1
30122 1
30419 1
31529 1
32590 1
32723 1
33438 2
33517 1
35052 1
35204 2
35788 1
35995 1
36032 1
36224 2
36408 2
41707 1
42385 1
42473 2
46108 1
47065 1
50207 1
51964 1
52226 1
52234 1
52248 1
52252 1
52267 1
52280 2
52306 1
52315 1
52407 1
52439 1
52441 1
52452 1
52455 2
52460 1
52479 1
52516 1
52517 1
52518 1
52520 1
52522 1
52526 1
52527 1
52528 1
52529 1
52530 2
52531 3
52532 2
52533 1
52535 1
52536 1
52537 2
52538 1
52539 2
52540 1
52541 2
52543 1
52544 2
52545 1
52546 1
52547 2
52548 1
52549 1
52552 1
52554 7
52555 1
52556 1
52557 1
52558 1
52559 5
52560 1
52561 1
52562 3
52563 1
52564 2
52565 2
52566 1
52568 2
52569 1
52570 2
52571 2
52573 4
52574 1
52575 1
52576 1
52577 2
52578 1
52579 13
52580 1
52582 1
52583 1
52584 1
52585 1
52586 1
52587 1
52588 2
52589 2
52590 1
52591 2
52592 1
52594 1
52595 1
52596 4
52598 2
52600 1
52601 1
52603 1
52604 5
52605 1
52606 1
52607 2
52608 1
52609 1
52610 7
52611 1
52613 1
52614 2
52615 1
52616 2
52618 1
52621 1
52622 1
52623 1
52624 1
52625 1
52630 3
52631 1
52632 1
52633 1
52634 2
52635 1
52636 1
52638 1
52640 1
52643 1
52644 2
52645 1
52646 1
52647 1
52649 1
52650 2
52651 2
52653 1
52654 1
52655 1
52656 1
52657 1
52659 1
52660 2
52661 3
52662 1
52663 1
52664 1
52665 1
52666 1
52668 1
52669 1
52670 1
52673 1
52674 2
52675 1
52677 2
52678 3
52679 1
52680 2
52681 2
52682 1
52683 2
52684 1
52685 3
52686 2
52688 1
52689 2
52690 1
52691 1
52692 1
52693 1
52694 2
52695 1
52696 5
52697 1
52698 1
52699 1
52700 1
52701 1
52702 1
52704 1
52705 1
52706 2
52707 1
52708 2
52709 4
52711 1
52712 2
52713 1
52714 1
52715 1
52716 1
52719 1
52720 19
52721 1
52722 1
52724 2
52725 1
52726 1
52727 2
52728 1
52729 1
52730 4
52732 1
52734 3
52736 2
52737 1
52739 2
52741 1
52742 3
52743 1
52744 1
52745 1
52746 2
52747 4
52748 3
52749 1
52750 1
52751 2
52752 18
52753 1
52758 3
52760 1
52761 2
52762 3
52763 1
52764 1
52765 2
52766 1
52767 1
52769 2
52770 12
52773 1
52775 1
52777 2
52778 1
52779 1
52780 2
52781 1
52782 1
52783 9
52784 1
52785 1
52786 1
52787 1
52788 1
52790 1
52791 1
52793 1
52798 1
52799 1
52801 1
52802 1
52803 2
52804 1
52805 1
52807 1
52809 1
52813 2
52814 1
52815 1
52816 1
52817 1
52818 3
52819 1
52821 1
52822 1
52825 1
52827 1
52828 1
52830 1
52831 1
52832 1
52833 1
52835 1
52836 1
52837 1
52838 1
52839 1
52840 1
52841 1
52842 1
52843 2
52844 1
52845 1
52846 1
52847 1
52848 1
52850 3
52851 2
52852 1
52853 1
52855 1
52858 1
52859 2
52860 3
52861 2
52862 2
52865 1
52866 2
52867 1
52869 2
52871 3
52872 1
52873 4
52874 1
52875 1
52876 1
52877 1
52879 1
52880 2
52881 1
52882 1
52883 1
52884 1
52885 1
52886 2
52887 1
52888 1
52891 1
52892 3
52896 1
52897 1
52898 2
52899 1
52900 1
52901 3
52902 1
52904 2
52905 1
52907 1
52908 2
52910 1
52911 1
52912 2
52913 1
52915 1
52916 1
52917 2
52918 1
52920 1
52922 1
52923 1
52925 7
52926 1
52927 1
52931 1
52932 2
52933 2
52934 2
52935 1
52936 2
52937 3
52938 1
52939 1
52940 3
52941 3
52943 1
52944 1
52945 1
52946 2
52948 1
52950 1
52951 1
52952 2
52953 1
52956 3
52957 8
52958 1
52959 1
52960 5
52961 1
52962 2
52963 1
52964 1
52965 27
52966 1
52968 1
52969 1
52970 1
52972 2
52973 2
52974 3
52976 4
52977 2
52978 2
52980 1
52981 1
52982 3
52983 1
52984 1
52985 1
52986 2
52987 1
52989 1
52990 2
52991 1
52993 3
52995 2
52996 1
52997 1
52998 2
53001 2
53002 1
53004 1
53005 1
53006 1
53007 1
53008 2
53009 1
53010 2
53011 1
53013 2
53014 1
53015 3
53016 1
53017 1
53018 4
53019 1
53020 1
53021 1
53022 1
53023 1
53024 1
53025 4
53026 1
53028 1
53029 1
53033 1
53036 1
53038 3
53039 1
53041 1
53043 2
53044 1
53045 3
53046 3
53047 2
53048 4
53050 2
53052 1
53053 2
53055 3
53058 1
53059 8
53061 4
53062 24
53063 1
53064 3
53065 3
53066 2
53068 1
53069 1
53070 2
53071 2
53072 2
53073 1
53075 4
53077 2
53078 4
53079 1
53080 1
53081 1
53083 1
53084 1
53087 17
53088 1
53089 1
53090 2
53093 1
53094 1
53095 1
53096 1
53097 2
53098 1
53100 1
53101 1
53102 2
53103 1
53104 2
53106 1
53109 1
53110 4
53112 5
53113 1
53114 1
53115 5
53117 1
53119 2
53120 1
53121 1
53122 1
53123 1
53124 1
53125 2
53126 1
53127 1
53131 2
53132 1
53133 2
53134 1
53135 1
53137 4
53138 2
53139 1
53141 1
53142 1
53143 4
53144 1
53145 3
53146 1
53149 2
53150 1
53151 1
53152 2
53153 2
53155 1
53156 1
53158 3
53159 3
53160 2
53161 2
53162 5
53163 6
53164 1
53165 4
53166 2
53167 1
53168 1
53169 8
53170 1
53171 4
53172 1
53174 2
53175 3
53176 2
53178 3
53179 1
53180 3
53182 4
53183 2
53184 1
53186 1
53187 1
53188 1
53189 1
53190 1
53191 3
53192 2
53193 1
53195 2
53196 1
53197 2
53198 1
53199 2
53201 1
53202 4
53204 1
53206 1
53207 1
53208 1
53209 2
53213 1
53215 1
53216 1
53218 1
53219 1
53220 1
53221 2
53222 2
53223 2
53224 14
53225 1
53226 1
53227 1
53228 1
53230 2
53231 1
53233 3
53234 1
53235 1
53236 2
53237 62
53238 5
53240 2
53241 1
53243 1
53244 1
53245 2
53246 2
53247 1
53813 1
53847 1
54818 1
54888 1
58620 1
60725 1
61084 1
61163 1
61440 1
61455 1
61568 22
61633 1
61634 1
61636 1
61637 1
61639 1
61640 1
61642 1
61646 1
61648 1
61649 1
61651 1
61653 1
61655 1
61657 1
61658 1
61662 1
61663 1
61666 2
61667 1
61671 1
61672 1
61673 1
61675 1
61678 1
61679 1
61681 1
61682 1
61686 1
61687 1
61688 2
61690 2
61692 2
61695 1
61696 2
61697 1
61698 1
61701 1
61702 1
61703 1
61712 1
61713 1
61714 1
61716 1
61717 3
61718 1
61720 1
61724 1
61725 1
61726 1
61727 1
61728 1
61729 1
61730 1
61734 1
61737 1
61741 1
61742 1
61745 1
61747 1
61748 1
61751 1
61752 1
61754 2
61758 2
61762 1
61763 1
61764 1
61765 2
61766 1
61768 1
61769 2
61770 2
61774 1
61776 2
61777 1
61780 1
61783 1
61785 1
61786 1
61787 1
61788 2
61790 1
61791 1
61792 1
61794 1
61797 1
61799 2
61800 1
61802 1
61803 1
61804 1
61806 1
61808 1
61810 1
61811 1
61813 2
61814 1
61815 1
61816 1
61818 1
61819 2
61820 1
61821 1
61823 1
61824 1
61825 1
61828 1
61829 1
61830 2
61836 1
61837 1
61838 1
61839 2
61840 1
61841 1
61844 4
61846 1
61847 1
61848 2
61849 1
61850 2
61853 1
61854 1
61857 1
61858 1
61866 1
61867 1
61868 2
61870 1
61872 1
61873 1
61874 1
61877 1
61878 1
61881 2
61883 1
61884 1
61885 1
61888 2
61889 3
61890 1
61892 1
61893 2
61894 1
61895 2
61896 1
61897 1
61899 1
61900 1
61901 1
61902 1
61905 2
61906 1
61907 1
61908 1
61910 1
61911 1
61913 1
61914 1
61915 1
61917 1
61918 1
61919 2
61920 1
61921 2
61922 1
61923 1
61924 1
61925 1
61926 2
61927 1
61928 2
61929 1
61930 1
61931 1
61932 1
61934 1
61938 1
61943 2
61944 1
61945 2
61947 1
61948 1
61950 1
61951 1
62597 1
64600 1
64835 1
132591 1
197426 1
198412 2
200070 1
262155 1
262167 2
262224 1
262233 1
262256 1
262268 2
262269 1
262270 2
262271 1
262272 1
262273 2
262274 1
262276 1
262277 1
262278 1
262279 1
262280 1
262281 1
262282 2
262283 1
262284 1
262286 1
262287 1
262288 1
262289 1
262290 2
262292 2
262293 2
262295 2
262296 2
262297 1
262298 3
262299 1
262300 1
262301 1
262302 1
262303 1
262304 1
262306 2
262307 2
262308 1
262309 3
262310 3
262311 4
262312 1
262313 1
262314 3
262315 1
262316 2
262318 5
262319 1
262320 2
262321 1
262322 2
262323 2
262324 1
262325 1
262327 1
262328 1
262329 2
262330 2
262331 1
262332 1
262333 1
262334 1
262336 3
262337 1
262341 1
262343 1
262344 2
262346 2
262348 1
262350 1
262351 2
262352 3
262353 2
262354 4
262355 8
262356 1
262358 1
262359 2
262360 1
262361 1
262362 1
262365 1
262366 2
262367 1
262368 1
262372 1
262373 2
262374 3
262375 2
262376 1
262377 1
262378 2
262381 1
262385 1
262388 3
262389 1
262390 1
262391 1
262394 2
262396 2
262397 1
262399 3
262400 1
262401 7
262402 1
262403 1
262404 1
262406 1
262407 2
262408 1
262409 1
262411 1
262412 1
262413 2
262414 1
262415 2
262416 2
262417 3
262418 1
262419 1
262420 1
262421 2
262423 1
262425 1
262426 1
262427 1
262428 1
262429 3
262430 2
262432 1
262433 2
262434 3
262435 1
262436 1
262437 2
262438 1
262439 1
262440 2
262441 1
262442 1
262443 2
262444 2
262445 1
262446 2
262447 1
262448 1
262449 1
262450 2
262451 1
262452 1
262453 1
262454 1
262455 1
262457 1
262458 1
262459 3
262460 1
262461 1
262462 3
262463 1
262464 2
262465 1
262466 1
262468 1
262469 3
262470 1
262473 1
262474 2
262476 13
262478 2
262480 1
262481 1
262482 4
262484 1
262485 1
262487 5
262489 1
262490 1
262491 2
262493 6
262494 4
262496 1
262497 2
262499 1
262500 2
262501 1
262502 2
262503 2
262504 2
262505 2
262506 1
262507 1
262508 1
262509 3
262510 1
262511 1
262512 1
262514 3
262516 1
262517 3
262518 2
262519 1
262520 1
262521 1
262522 1
262523 1
262524 2
262525 1
262526 5
262527 1
262530 1
262531 1
262532 1
262533 1
262534 1
262535 1
262536 1
262538 1
262539 1
262540 2
262542 2
262543 1
262544 5
262545 1
262546 1
262547 1
262548 1
262549 1
262551 1
262552 1
262554 1
262557 3
262558 1
262560 3
262561 7
262562 1
262565 1
262566 2
262567 1
262568 1
262569 1
262571 1
262572 2
262573 1
262574 1
262575 1
262577 1
262578 2
262579 1
262581 1
262582 1
262583 1
262584 1
262585 2
262586 1
262587 2
262588 2
262589 7
262590 1
262591 3
262592 1
262593 2
262594 2
262595 1
262596 1
262597 1
262599 11
262600 4
262601 1
262602 1
262603 1
262604 2
262605 4
262607 1
262608 3
262609 1
262610 1
262611 1
262613 1
262615 1
262616 1
262617 1
262618 1
262619 1
262620 1
262621 1
262622 1
262623 1
262624 3
262625 1
262627 1
262628 1
262630 1
262632 1
262633 2
262634 1
262635 1
262636 1
262637 2
262638 2
262640 1
262641 1
262642 1
262643 2
262645 1
262646 1
262647 1
262649 2
262650 1
262652 1
262657 1
262659 6
262660 3
262661 1
262662 1
262663 1
262664 2
262665 1
262666 1
262667 3
262668 1
262669 3
262671 1
262673 2
262674 1
262675 1
262678 1
262679 1
262680 1
262681 2
262682 1
262683 1
262684 1
262686 3
262687 9
262688 11
262689 5
262690 1
262691 1
262693 1
262694 1
262695 5
262696 3
262697 2
262698 3
262699 5
262700 4
262702 1
262704 1
262706 6
262707 1
262708 1
262711 1
262713 1
262715 2
262716 2
262717 5
262720 4
262721 4
262722 1
262723 2
262724 1
262725 6
262726 2
262727 2
262728 1
262729 2
262730 3
262731 1
262732 1
262733 6
262734 1
262735 1
262736 1
262737 3
262738 3
262740 6
262741 1
262742 1
262744 1
262745 2
262746 2
262747 2
262748 5
262749 1
262750 11
262751 1
262752 2
262753 1
262755 2
262756 3
262757 1
262758 1
262759 3
262760 4
262761 14
262762 1
262763 1
262764 1
262765 3
262766 1
262767 1
262768 1
262769 2
262770 1
262772 1
262773 8
262775 1
262777 1
262778 4
262779 1
262780 1
262781 3
262782 1
262784 1
262785 2
262786 2
262787 1
262788 4
262789 2
262790 1
262791 2
262792 1
262793 3
262794 1
262797 1
262798 2
262799 1
262802 2
262803 1
262805 1
262806 3
262807 2
262808 3
262810 1
262811 1
262812 1
262814 4
262815 1
262817 1
262818 1
262819 2
262821 1
262822 5
262824 1
262825 1
262826 1
262827 2
262828 1
262829 2
262830 2
262831 1
262832 4
262834 1
262836 1
262837 1
262838 1
262839 1
262841 1
262843 1
262844 1
262845 1
262846 1
262847 4
262848 6
262849 4
262850 1
262851 4
262854 6
262855 2
262856 3
262857 1
262859 3
262860 1
262861 1
262862 1
262863 1
262865 3
262866 3
262867 1
262868 2
262869 2
262870 1
262871 1
262872 1
262875 2
262876 1
262877 1
262878 2
262879 1
262880 2
262881 1
262883 1
262886 1
262887 1
262889 1
262890 1
262891 2
262892 2
262893 1
262896 1
262897 1
262898 1
262899 3
262900 1
262901 1
262902 2
262903 3
262905 1
262907 12
262910 1
262911 2
262938 1
262940 1
262946 1
262947 2
262948 1
262949 4
262952 1
262953 1
262954 1
262955 3
262956 1
262957 1
262958 2
262959 1
262960 2
262961 1
262962 1
262963 1
262965 1
262966 1
262967 1
262968 1
262970 1
262971 1
262973 1
262974 1
262975 1
262976 1
262977 1
262978 3
262979 1
262980 1
262981 1
262982 1
262983 1
262985 1
262986 1
262987 1
262988 2
262989 5
262990 1
262992 2
262993 2
262995 1
262996 4
262997 5
262998 1
262999 4
263000 2
263002 1
263003 2
263004 6
263005 1
263006 1
263008 1
263010 1
263011 3
263014 1
263015 1
263017 2
263018 4
263019 2
263020 1
263022 1
263024 1
263025 1
263026 1
263027 1
263028 1
263029 1
263030 2
263032 1
263033 1
263035 1
263036 1
263037 2
263038 2
263040 1
263042 2
263043 2
263045 1
263046 1
263047 6
263048 1
263049 1
263051 1
263052 1
263053 5
263054 2
263055 2
263056 2
263057 4
263058 2
263059 1
263060 1
263061 1
263062 2
263064 2
263065 1
263066 1
263067 1
263068 1
263069 1
263070 2
263071 1
263072 3
263073 3
263074 1
263075 1
263076 1
263077 2
263078 1
263079 1
263080 14
263081 1
263083 2
263086 1
263087 1
263088 1
263089 1
263090 1
263091 1
263092 2
263094 1
263096 1
263099 4
263100 2
263101 1
263104 1
263105 1
263107 1
263108 1
263109 1
263111 1
263112 1
263113 1
263116 1
263119 2
263120 1
263121 1
263122 1
263124 1
263126 3
263129 1
263131 2
263132 1
263133 1
263136 1
263137 1
263140 1
263143 2
263144 1
263146 1
263153 1
263154 1
263155 1
263162 1
263164 2
263165 1
263166 2
263192 1
263251 1
263252 1
263254 2
263257 1
263258 1
263259 1
263260 1
263262 1
263263 2
263265 2
263266 2
263267 1
263268 1
263269 1
263270 1
263271 1
263274 1
263276 1
263277 1
263279 2
263280 1
263281 1
263282 1
263284 1
263285 1
263286 1
263287 1
263288 1
263289 3
263290 1
263293 1
263294 1
263297 2
263298 1
263299 1
263300 1
263302 2
263303 1
263304 2
263305 1
263306 1
263307 1
263310 1
263312 1
263314 5
263316 1
263317 1
263321 2
263322 1
263324 2
263325 1
263326 1
263327 3
263328 1
263329 1
263330 1
263331 1
263332 1
263333 2
263334 1
263336 1
263337 1
263338 1
263339 1
263340 1
263341 1
263342 1
263343 1
263344 1
263345 1
263346 1
263348 1
263349 1
263350 1
263351 1
263353 1
263355 1
263356 1
263357 1
263360 1
263361 1
263362 1
263363 1
263364 1
263367 1
263368 1
263370 1
263371 1
263374 3
263376 1
263377 1
263379 1
263382 1
263384 2
263385 1
263386 1
263387 1
263389 1
263390 1
263391 2
263393 2
263394 1
263395 1
263396 1
263397 1
263398 1
263399 2
263400 1
263401 1
263402 1
263404 1
263406 1
263408 1
263410 1
263411 1
263413 1
263415 1
263416 2
263417 1
263418 1
263419 1
263420 1
263421 1
263424 2
263425 1
263426 1
263428 1
263431 1
263432 7
263433 1
263435 1
263437 2
263438 1
263439 1
263440 1
263441 3
263442 1
263443 2
263444 7
263445 1
263447 1
263448 1
263451 3
263453 1
263454 1
263457 1
263458 1
263459 2
263460 2
263461 1
263465 1
263467 2
263468 1
263469 1
263471 1
263472 1
263473 1
263475 1
263476 1
263479 1
263480 1
263481 1
263482 1
263483 1
263484 1
263485 1
263486 1
263487 1
263488 1
263489 1
263490 1
263491 1
263492 2
263493 1
263494 2
263495 2
263496 2
263497 1
263498 2
263499 1
263500 3
263502 1
263503 1
263504 1
263507 1
263509 1
263510 2
263511 1
263512 2
263513 1
263515 2
263516 1
263517 1
263518 1
263519 2
263520 1
263523 1
263524 1
263525 1
263526 2
263527 1
263529 2
263531 2
263532 1
263535 2
263536 1
263538 1
263539 2
263540 1
263541 1
263543 1
263545 1
263546 6
263548 1
263549 1
263551 2
263553 1
263554 1
263555 1
263556 1
263557 3
263558 1
263560 1
263561 1
263562 1
263564 1
263565 1
263566 2
263567 2
263568 1
263569 1
263570 2
263572 1
263573 1
263576 1
263577 1
263578 1
263579 2
263580 1
263581 1
263582 2
263583 2
263584 5
263585 4
263586 2
263587 1
263589 1
263591 2
263592 1
263593 2
263594 2
263596 1
263597 1
263598 1
263599 1
263600 1
263601 1
263602 1
263603 1
263604 2
263605 1
263606 1
263607 1
263608 1
263610 1
263611 1
263612 3
263613 2
263614 1
263615 1
263616 3
263617 1
263621 1
263622 1
263623 1
263626 1
263628 1
263630 1
263632 2
263633 1
263634 2
263635 1
263636 1
263640 1
263641 2
263643 2
263645 1
263646 1
263647 1
263648 1
263649 2
263650 1
263651 1
263652 1
263653 1
263654 2
263656 3
263657 1
263658 1
263659 1
263660 1
263661 1
263662 1
263663 1
263664 1
263665 2
263667 1
263668 1
263670 1
263672 1
263675 1
263678 2
264352 1
264353 1
264356 1
264361 1
264364 1
264365 1
264366 1
264367 1
264373 1
264374 1
264379 1
264381 1
264383 1
264390 1
264393 1
264396 1
264397 1
