Start
	BA
start function: AS_Connect_PTT [2015-07-24 11:23:22] 
BA: 28135
BA: 53242
BA: 1916
BA: 18881
BA: 14026
BA: 28329
BA: 262687
BA: 52720
BA: 28186
BA: 52873
BA: 52871
BA: 52999
BA: 262668
BA: 262843
BA: 53071
BA: 10906
BA: 61902
BA: 53239
BA: 25832
BA: 20144
BA: 53164
BA: 52960
BA: 28573
BA: 28615
24
Existent Peers: 89
[28135 18881, 14026 18881, 53242 18881, 53242 28329, 14026 28329, 14026 53242, 1916 18881, 53242 1916, 28135 1916, 28135 28329, 28135 52720, 14026 52720, 52720 262687, 14026 28186, 14026 20144, 52873 262843, 28135 262687, 28135 28186, 28135 52960, 53242 262843, 53242 28186, 28186 52999, 53242 52871, 28135 52871, 53242 28135, 53242 52720, 14026 1916, 14026 53164, 1916 28329, 14026 262668, 28135 61902, 14026 28573, 18881 52873, 53242 52873, 53242 10906, 262687 18881, 14026 52871, 28135 52873, 14026 52873, 14026 262687, 53242 262668, 53242 262687, 1916 262843, 28135 14026, 28135 25832, 28186 28615, 1916 52720, 28135 52999, 1916 28186, 28135 53164, 53242 20144, 53242 28615, 18881 28573, 18881 52720, 28135 53239, 28135 28573, 14026 52960, 18881 28186, 18881 28329, 52720 52960, 53242 52999, 18881 28615, 28135 53071, 1916 52999, 28135 262668, 53242 53164, 14026 61902, 53242 28573, 14026 52999, 1916 28615, 1916 61902, 1916 20144, 53242 53071, 1916 28573, 14026 53239, 1916 53164, 14026 53071, 14026 262843, 14026 25832, 53242 25832, 53242 61902, 14026 10906, 28135 20144, 53242 53239, 14026 28615, 1916 52873, 28135 10906, 28135 262843, 28135 28615]
	BEL
start function: AS_Connect_PTT [2015-07-24 11:23:23] 
BEL: 53237
BEL: 1916
BEL: 14026
BEL: 262864
BEL: 53016
BEL: 262378
BEL: 28188
BEL: 20144
BEL: 12136
BEL: 262492
BEL: 262753
BEL: 28573
BEL: 262511
13
Existent Peers: 19
[53237 1916, 14026 20144, 14026 53237, 53237 262378, 14026 1916, 1916 262511, 53237 20144, 14026 28573, 14026 262492, 14026 28188, 53237 262753, 53237 28573, 53237 12136, 53237 53016, 14026 12136, 14026 262511, 14026 262864, 14026 53016, 14026 262753]
	CAS
start function: AS_Connect_PTT [2015-07-24 11:23:23] 
CAS: 28580
CAS: 52579
CAS: 53116
CAS: 14026
CAS: 53102
CAS: 18881
CAS: 16735
CAS: 28329
CAS: 52925
CAS: 8075
CAS: 22177
CAS: 262717
CAS: 27720
CAS: 28649
CAS: 28667
CAS: 28229
CAS: 53038
CAS: 53158
CAS: 263308
CAS: 20144
CAS: 52686
CAS: 28573
CAS: 262780
CAS: 11284
CAS: 53140
25
Existent Peers: 85
[14026 18881, 53102 16735, 53102 18881, 14026 16735, 53116 18881, 14026 28329, 27720 262717, 52579 18881, 53116 16735, 16735 28649, 16735 53038, 52579 16735, 52579 28329, 52579 8075, 52579 28667, 53102 28329, 52579 22177, 18881 28580, 52579 28229, 14026 20144, 53102 8075, 14026 27720, 53116 28329, 14026 8075, 28580 28229, 14026 52579, 53116 8075, 14026 28667, 14026 52925, 52579 52925, 16735 28329, 52579 28580, 28329 53158, 14026 53158, 52579 53102, 14026 28573, 28580 262780, 22177 53158, 14026 22177, 52579 27720, 53102 28580, 14026 28649, 18881 53158, 52579 20144, 14026 262717, 52579 53038, 53102 27720, 52925 263308, 52579 11284, 53116 52579, 52579 263308, 14026 28229, 53116 262717, 53102 20144, 14026 53038, 53116 22177, 52579 52686, 16735 28573, 53116 28580, 53116 53158, 14026 52686, 16735 53140, 16735 20144, 52925 53038, 28329 52686, 22177 52686, 53116 52925, 14026 11284, 53102 53158, 52579 262780, 14026 262780, 52579 28573, 53102 53038, 53102 22177, 52579 28649, 14026 263308, 16735 18881, 52579 262717, 53102 52925, 53116 53038, 14026 53140, 53102 262717, 53116 53102, 52579 53158, 52579 53140]
	CE
start function: AS_Connect_PTT [2015-07-24 11:23:24] 
CE: 18881
CE: 262475
CE: 1916
CE: 26162
CE: 263309
CE: 14026
CE: 52981
CE: 52965
CE: 28368
CE: 28598
CE: 262727
CE: 263311
CE: 11921
CE: 28190
CE: 28225
CE: 20144
CE: 12136
CE: 262716
CE: 53173
CE: 28573
CE: 28197
CE: 28270
22
Existent Peers: 100
[26162 18881, 263309 18881, 262475 18881, 14026 18881, 1916 18881, 263309 52965, 263309 1916, 1916 28368, 14026 52965, 1916 28598, 26162 52981, 52981 263311, 14026 28368, 14026 262475, 1916 52965, 262475 28368, 262475 52965, 26162 1916, 28368 53173, 263309 52981, 14026 20144, 26162 28368, 263309 28598, 26162 28598, 262475 1916, 263309 28368, 14026 262727, 262475 28598, 14026 1916, 1916 52981, 14026 52981, 28598 52981, 14026 28573, 26162 53173, 28368 262716, 26162 263309, 14026 28598, 26162 262727, 28598 262727, 262475 11921, 262475 28197, 26162 28190, 263309 28225, 263309 11921, 26162 11921, 262475 262727, 52981 53173, 263309 28190, 1916 28197, 262475 28270, 262475 52981, 1916 11921, 14026 262716, 28368 28190, 26162 28573, 1916 28190, 26162 14026, 14026 11921, 262475 28573, 26162 262716, 14026 263309, 263309 262475, 26162 20144, 1916 263311, 263309 262716, 262475 28225, 14026 53173, 263309 12136, 263309 28197, 14026 263311, 262475 12136, 52965 53173, 262475 263311, 1916 20144, 26162 28270, 26162 12136, 1916 28225, 1916 28573, 14026 28225, 26162 28225, 14026 12136, 1916 262716, 263309 28270, 26162 263311, 263309 28573, 263309 53173, 14026 28197, 262475 53173, 26162 262475, 262475 28190, 262475 262716, 1916 262727, 1916 53173, 263309 263311, 14026 28270, 14026 28190, 263309 20144, 1916 28270, 262475 20144, 263309 262727]
	CPV
start function: AS_Connect_PTT [2015-07-24 11:23:25] 
CPV: 262773
CPV: 28135
CPV: 262400
CPV: 1916
CPV: 18881
CPV: 53093
CPV: 14026
CPV: 26162
CPV: 262681
CPV: 52777
CPV: 61735
11
Existent Peers: 42
[262773 18881, 28135 18881, 262400 262681, 53093 18881, 14026 18881, 262773 1916, 1916 18881, 26162 18881, 53093 1916, 28135 1916, 262400 1916, 14026 262773, 262681 262773, 262681 1916, 28135 61735, 28135 52777, 53093 262681, 53093 262773, 14026 1916, 262681 28135, 53093 28135, 26162 28135, 14026 28135, 262773 28135, 14026 262681, 262400 28135, 53093 14026, 262400 18881, 53093 262400, 262773 262400, 14026 262400, 262400 52777, 1916 26162, 262681 61735, 14026 52777, 262773 52777, 53093 52777, 1916 61735, 1916 52777, 262773 61735, 53093 61735, 14026 61735]
	CXJ
start function: AS_Connect_PTT [2015-07-24 11:23:26] 
CXJ: 28169
CXJ: 18881
CXJ: 14026
CXJ: 14840
4
Existent Peers: 6
[28169 18881, 14026 18881, 14026 14840, 28169 14840, 18881 14840, 14026 28169]
	DF
start function: AS_Connect_PTT [2015-07-24 11:23:26] 
DF: 53237
DF: 262989
DF: 18881
DF: 14026
DF: 28329
DF: 16735
DF: 1916
DF: 25933
DF: 28303
DF: 262827
DF: 14840
DF: 61909
DF: 262839
DF: 22515
DF: 28327
DF: 52858
DF: 20144
DF: 12136
DF: 28573
DF: 10954
DF: 28629
DF: 26218
22
Existent Peers: 79
[262989 25933, 262989 16735, 262989 18881, 14026 28303, 14026 18881, 53237 18881, 53237 14840, 18881 14840, 262989 28329, 14026 28329, 14026 16735, 53237 16735, 28303 18881, 262989 53237, 14026 25933, 262989 28303, 262989 28629, 53237 28329, 28303 28329, 53237 28303, 53237 1916, 262989 14840, 262989 1916, 28329 61909, 53237 25933, 14026 20144, 262989 22515, 14026 14840, 18881 25933, 28303 1916, 14026 53237, 28303 16735, 28303 25933, 14026 1916, 16735 28327, 14840 28303, 53237 20144, 14026 28573, 14026 262989, 14026 262827, 262989 52858, 14026 61909, 262989 61909, 28303 20144, 53237 22515, 16735 20144, 53237 262827, 53237 28573, 262989 12136, 28303 10954, 53237 12136, 53237 61909, 262989 28573, 262989 262839, 14026 52858, 14026 22515, 28303 262839, 53237 10954, 262989 28327, 28329 28327, 262989 10954, 53237 28629, 14026 26218, 14026 262839, 262989 26218, 262989 20144, 18881 28573, 14026 12136, 53237 52858, 14026 10954, 28303 12136, 14026 28629, 53237 28327, 262989 262827, 53237 26218, 53237 262839, 14026 28327, 18881 28329, 14840 28573]
	GYN
start function: AS_Connect_PTT [2015-07-24 11:23:26] 
GYN: 18881
GYN: 53237
GYN: 14026
GYN: 262878
GYN: 28303
GYN: 16735
GYN: 28329
GYN: 262565
GYN: 262476
GYN: 28279
GYN: 61929
GYN: 28326
GYN: 262993
GYN: 262324
GYN: 28573
15
Existent Peers: 68
[14026 18881, 262878 18881, 14026 28303, 14026 16735, 28303 16735, 28303 28329, 53237 18881, 262878 16735, 18881 28279, 14026 262476, 53237 16735, 262565 28303, 262565 16735, 28303 18881, 262565 18881, 262565 53237, 28303 28279, 14026 28329, 18881 262476, 53237 28329, 262878 28303, 262878 53237, 53237 28303, 262565 28329, 262565 262476, 14026 53237, 16735 262476, 262565 262324, 28303 61929, 28303 28573, 28303 262476, 14026 28573, 53237 28279, 53237 28326, 262878 262476, 28329 28326, 53237 262476, 14026 28279, 16735 28279, 28279 262324, 14026 28326, 262878 262324, 262565 262993, 14026 61929, 262565 28279, 53237 28573, 14026 262565, 262878 28279, 262878 14026, 262878 262993, 16735 28326, 262878 28326, 262878 61929, 28303 262324, 28329 262993, 262878 28573, 28303 28326, 262878 262565, 14026 262324, 16735 61929, 262565 28573, 14026 262993, 53237 262993, 28303 262993, 18881 28329, 53237 61929, 18881 28573, 53237 262324]
	LAJ
start function: AS_Connect_PTT [2015-07-24 11:23:27] 
LAJ: 52751
LAJ: 25933
LAJ: 28303
LAJ: 262591
LAJ: 28259
LAJ: 262464
LAJ: 262441
7
Existent Peers: 13
[52751 25933, 25933 28303, 52751 28303, 25933 262464, 28303 262591, 52751 28259, 52751 262441, 52751 262464, 25933 28259, 25933 262591, 25933 262441, 28303 28259, 52751 262591]
	LDA
start function: AS_Connect_PTT [2015-07-24 11:23:28] 
LDA: 18881
LDA: 26162
LDA: 14868
LDA: 22356
LDA: 28663
LDA: 14282
LDA: 262355
LDA: 28287
LDA: 263265
LDA: 52615
LDA: 263538
LDA: 22689
LDA: 262995
LDA: 20144
LDA: 262865
LDA: 262493
LDA: 8167
LDA: 52544
LDA: 11284
LDA: 28193
LDA: 14026
LDA: 28359
LDA: 262451
23
Existent Peers: 27
[26162 18881, 26162 8167, 26162 22356, 26162 28287, 26162 28663, 26162 14868, 26162 22689, 22689 14868, 26162 52544, 18881 28359, 26162 14282, 26162 262493, 26162 262995, 26162 263265, 26162 262355, 22689 262451, 18881 52544, 26162 14026, 26162 20144, 26162 262865, 26162 28193, 26162 52615, 262355 14868, 26162 11284, 26162 263538, 26162 28359, 26162 262451]
	MAO
start function: AS_Connect_PTT [2015-07-24 11:23:28] 
MAO: 263450
MAO: 14026
MAO: 262486
MAO: 263098
MAO: 28573
5
Existent Peers: 6
[14026 263450, 14026 28573, 263450 262486, 14026 263098, 14026 262486, 263450 28573]
	MG
start function: AS_Connect_PTT [2015-07-24 11:23:28] 
MG: 18881
MG: 52631
MG: 1916
MG: 28360
MG: 16735
MG: 14026
MG: 23106
MG: 28329
MG: 28202
MG: 28250
MG: 263460
MG: 10670
MG: 28268
MG: 262733
MG: 262336
MG: 28201
MG: 262552
MG: 53072
MG: 20144
MG: 12136
MG: 262504
MG: 20044
MG: 28573
MG: 16712
MG: 262448
25
Existent Peers: 117
[52631 28250, 28250 28202, 28360 18881, 28360 16735, 1916 16735, 28250 28329, 18881 16735, 14026 18881, 28250 16735, 28250 18881, 14026 28329, 14026 16735, 1916 18881, 52631 28329, 28250 10670, 28360 28202, 28360 1916, 28360 28250, 28250 1916, 16735 262448, 14026 28202, 52631 18881, 14026 23106, 23106 53072, 28360 12136, 28360 28329, 28250 263460, 263460 262504, 28360 23106, 1916 28329, 14026 28360, 14026 20144, 28360 28268, 28250 28268, 28250 23106, 1916 23106, 1916 262733, 1916 28202, 14026 1916, 14026 28250, 28250 262336, 18881 20044, 28250 262733, 14026 28573, 28250 28201, 1916 262336, 28360 262733, 1916 263460, 16735 28201, 28250 20044, 14026 20044, 23106 262504, 18881 28573, 28329 16735, 1916 262504, 18881 28201, 1916 28201, 14026 28201, 28250 12136, 28329 263460, 28201 28360, 14026 262733, 1916 16712, 1916 53072, 14026 262504, 28250 16712, 1916 28268, 16735 262733, 28202 262336, 28360 52631, 14026 16712, 18881 262504, 18881 28329, 1916 262552, 28202 263460, 28250 262552, 16735 28202, 14026 262336, 14026 52631, 28360 263460, 28202 28573, 14026 262448, 28360 20044, 28360 262504, 14026 28268, 14026 262552, 28360 10670, 28250 262504, 1916 20044, 28360 262552, 28250 262448, 28360 20144, 28329 262336, 1916 20144, 28329 262448, 28360 262448, 1916 262448, 1916 28573, 28250 53072, 28360 28573, 28250 20144, 14026 12136, 16735 262336, 1916 10670, 16735 20144, 28329 28202, 23106 262336, 28360 16712, 28250 28573, 28329 28573, 14026 263460, 18881 53072, 28360 262336, 1916 52631, 28360 53072, 14026 53072, 16735 28573]
	MGF
start function: AS_Connect_PTT [2015-07-24 11:23:30] 
MGF: 14868
MGF: 18881
MGF: 28364
MGF: 262355
MGF: 262548
MGF: 262586
MGF: 14282
MGF: 53115
MGF: 263076
MGF: 262621
MGF: 263647
MGF: 52538
MGF: 262322
MGF: 263329
MGF: 262956
MGF: 262500
MGF: 28359
17
Existent Peers: 28
[14868 18881, 14868 53115, 14868 262355, 14868 263329, 262355 262586, 262355 262956, 14868 14282, 14868 28364, 53115 262621, 18881 28359, 14868 28359, 14282 263076, 14868 262322, 262355 263647, 14868 263647, 262355 262548, 14868 262621, 262355 263329, 18881 262621, 14868 262586, 53115 262322, 262355 52538, 14868 262548, 18881 263329, 14868 262956, 262355 262500, 14868 262500, 14868 263076]
	NAT
start function: AS_Connect_PTT [2015-07-24 11:23:31] 
NAT: 53153
NAT: 28135
NAT: 1916
NAT: 262876
NAT: 28184
NAT: 14026
NAT: 262857
NAT: 28220
NAT: 11644
NAT: 28339
NAT: 20144
NAT: 28573
12
Existent Peers: 51
[262876 1916, 262876 28220, 28135 1916, 53153 1916, 262876 53153, 14026 20144, 28184 28220, 28184 14026, 28184 1916, 14026 1916, 53153 28135, 28184 262876, 53153 28220, 14026 28220, 28184 28135, 14026 28135, 28135 11644, 14026 262876, 14026 28573, 1916 28220, 28184 28339, 28184 53153, 53153 28339, 262876 28135, 28135 28339, 14026 53153, 262876 20144, 14026 11644, 53153 28573, 28135 28573, 1916 262857, 53153 20144, 28184 262857, 28184 20144, 262876 11644, 1916 20144, 262876 28339, 28135 262857, 53153 11644, 1916 28573, 28184 28573, 28184 11644, 53153 262857, 1916 11644, 28135 20144, 1916 28339, 14026 28339, 28135 28220, 262876 28573, 262876 262857, 14026 262857]
	PE
start function: AS_Connect_PTT [2015-07-24 11:23:32] 
PE: 28615
PE: 1916
PE: 28135
PE: 18881
PE: 14026
PE: 52965
PE: 28310
PE: 52850
PE: 61735
PE: 28252
PE: 28161
PE: 28573
12
Existent Peers: 43
[28135 18881, 28615 18881, 14026 18881, 1916 18881, 28135 52965, 28615 1916, 28615 52965, 28135 1916, 1916 52965, 28135 52850, 1916 28310, 14026 52965, 18881 28252, 18881 52850, 14026 1916, 28310 28161, 14026 28135, 14026 28573, 28135 28310, 28135 61735, 18881 52965, 28615 28135, 28615 28252, 14026 28161, 28615 28310, 28615 28573, 14026 28310, 28615 52850, 28615 14026, 28135 28573, 1916 28161, 28615 61735, 28615 28161, 14026 52850, 28135 28252, 14026 28252, 1916 28573, 1916 52850, 1916 61735, 28135 28161, 1916 28252, 14026 61735, 18881 28573]
	PR
start function: AS_Connect_PTT [2015-07-24 11:23:33] 
PR: 18881
PR: 262589
PR: 26162
PR: 3549
PR: 28329
PR: 1916
PR: 14868
PR: 28303
PR: 8167
PR: 28202
PR: 11835
PR: 28343
PR: 22356
PR: 10881
PR: 14840
PR: 262318
PR: 28663
PR: 262688
PR: 53046
PR: 262778
PR: 14282
PR: 28146
PR: 264471
PR: 262847
PR: 52519
PR: 53169
PR: 263083
PR: 28642
PR: 28299
PR: 11644
PR: 22689
PR: 11751
PR: 28267
PR: 263076
PR: 262970
PR: 28271
PR: 52976
PR: 12140
PR: 52752
PR: 13522
PR: 262354
PR: 42909
PR: 262790
PR: 263055
PR: 20144
PR: 14650
PR: 10412
PR: 19723
PR: 28591
PR: 53062
PR: 263512
PR: 28573
PR: 23128
PR: 262500
PR: 52997
PR: 28193
PR: 14026
57
Existent Peers: 101
[26162 18881, 26162 3549, 26162 28202, 26162 28329, 26162 22356, 26162 52997, 26162 262589, 26162 14840, 3549 11835, 26162 11835, 11835 262847, 26162 8167, 3549 18881, 28303 18881, 18881 28271, 26162 28663, 3549 28329, 26162 14868, 26162 1916, 10881 264471, 262318 13522, 26162 28642, 26162 262790, 3549 262688, 28303 28146, 26162 10412, 8167 53062, 262778 28267, 26162 262354, 26162 28303, 26162 263512, 26162 22689, 22689 3549, 26162 14282, 26162 262688, 26162 28146, 3549 53062, 3549 262318, 3549 262354, 3549 28299, 26162 28343, 8167 14840, 14840 28642, 3549 14868, 14868 22689, 26162 28591, 18881 262688, 18881 28299, 10881 53046, 26162 264471, 26162 53062, 3549 14282, 3549 28271, 26162 28267, 52752 53169, 26162 262847, 10881 28193, 26162 53169, 26162 52976, 52976 12140, 26162 262778, 14868 53046, 26162 263076, 26162 262318, 18881 14840, 10881 263083, 3549 262847, 52752 28146, 26162 13522, 26162 28573, 26162 14026, 26162 19723, 14840 28591, 28343 11835, 26162 11751, 8167 12140, 26162 20144, 22356 28299, 26162 42909, 26162 10881, 26162 52519, 26162 23128, 26162 262970, 26162 12140, 26162 53046, 26162 28193, 262778 11751, 3549 28591, 26162 28271, 10881 13522, 26162 28299, 11835 263512, 262778 52519, 26162 263083, 26162 263055, 8167 14282, 26162 14650, 10881 11751, 26162 11644, 26162 262500, 3549 28202]
	RJ
start function: AS_Connect_PTT [2015-07-24 11:23:33] 
RJ: 18881
RJ: 52752
RJ: 1916
RJ: 28271
RJ: 263499
RJ: 16735
RJ: 14026
RJ: 262589
RJ: 26592
RJ: 28202
RJ: 53225
RJ: 28338
RJ: 52550
RJ: 52937
RJ: 262854
RJ: 262310
RJ: 52962
RJ: 2715
RJ: 262534
RJ: 8075
RJ: 262403
RJ: 15169
RJ: 27720
RJ: 262609
RJ: 11644
RJ: 262450
RJ: 16509
RJ: 52781
RJ: 26615
RJ: 26609
RJ: 28658
RJ: 17222
RJ: 262376
RJ: 263363
RJ: 28665
RJ: 28333
RJ: 53037
RJ: 28301
RJ: 11432
RJ: 197426
RJ: 23074
RJ: 2906
RJ: 10704
RJ: 262724
RJ: 20144
RJ: 28166
RJ: 28209
RJ: 28604
RJ: 28165
RJ: 28573
RJ: 263395
RJ: 53157
RJ: 263390
53
Existent Peers: 295
[28271 53037, 263499 16735, 52752 18881, 1916 26615, 14026 262589, 28271 262589, 1916 262589, 14026 18881, 263499 18881, 263499 52752, 14026 52752, 1916 8075, 28271 28202, 16735 11432, 28271 18881, 16735 262589, 1916 18881, 52752 1916, 28271 15169, 263499 262589, 263499 26609, 262589 52937, 14026 16735, 28271 1916, 52752 262589, 28271 28604, 14026 26592, 28271 16735, 263499 262376, 52752 28202, 52752 11432, 1916 16735, 263499 1916, 263499 28338, 263499 262609, 28202 26615, 14026 28202, 263499 28202, 52752 16735, 16735 28665, 28271 2906, 28271 52752, 52752 52937, 52752 27720, 16735 28166, 52752 15169, 14026 20144, 14026 262854, 27720 262403, 263499 262403, 16735 28604, 14026 27720, 1916 262310, 28271 262403, 1916 262854, 263499 26592, 14026 8075, 26615 53157, 28271 28338, 262589 28165, 1916 28202, 14026 28338, 16735 20144, 263499 8075, 52962 15169, 16735 26609, 16735 28202, 28271 26592, 263499 27720, 263499 15169, 52752 8075, 26592 262724, 14026 1916, 14026 15169, 28271 17222, 28338 28658, 14026 28301, 1916 27720, 262854 18881, 263499 262854, 1916 26592, 28271 262310, 28271 2715, 14026 197426, 14026 17222, 26592 52962, 1916 28165, 26592 262310, 14026 16509, 263499 262310, 1916 10704, 262589 262854, 14026 52550, 1916 28338, 28338 10704, 14026 11432, 26615 28166, 1916 28333, 52752 26592, 14026 10704, 1916 262534, 14026 52962, 14026 28573, 28271 8075, 263499 53225, 53225 52550, 16735 53037, 14026 26609, 28271 26609, 1916 52550, 52752 17222, 1916 11432, 26592 263363, 263499 52781, 263499 2715, 263499 2906, 262310 52962, 26592 52937, 28271 52550, 262854 262310, 1916 15169, 28271 28166, 1916 262609, 52752 53037, 14026 28271, 18881 26609, 14026 53157, 1916 263363, 28271 262376, 14026 262403, 28271 10704, 14026 26615, 1916 53225, 14026 53225, 263499 52550, 28271 262450, 26592 28165, 263499 52937, 14026 28604, 52752 262854, 263499 17222, 16735 28209, 28271 28333, 52752 28573, 16735 262310, 262854 26592, 26592 263390, 14026 262724, 263499 28165, 28271 263390, 52752 28604, 1916 197426, 14026 262609, 52752 28165, 28271 11432, 52752 262376, 1916 28665, 14026 23074, 16735 23074, 14026 52937, 52752 26609, 52752 52962, 28271 262854, 28271 27720, 28271 28573, 52752 262310, 26592 263395, 16735 28573, 1916 26609, 1916 17222, 28271 52781, 263499 11644, 18881 11432, 28165 16735, 28271 53225, 263499 28604, 14026 53037, 28271 262724, 263499 262534, 263499 52962, 28271 16509, 28271 197426, 14026 11644, 28271 52937, 263499 28301, 28271 262534, 262854 28338, 263499 28166, 28271 53157, 28271 263363, 26592 2906, 28271 28165, 1916 28604, 263499 20144, 28271 11644, 1916 28166, 14026 263390, 262589 28573, 26592 28333, 1916 52962, 28271 28301, 14026 262534, 52752 28665, 263499 197426, 1916 23074, 263499 28658, 52752 262609, 52962 16735, 263499 53037, 52752 52550, 263499 16509, 1916 262724, 28271 28209, 1916 2715, 14026 262376, 28271 263395, 26592 52781, 1916 28658, 16735 28338, 263499 10704, 263499 28271, 1916 52937, 26592 262450, 14026 263395, 263499 11432, 14026 262310, 14026 28166, 14026 263363, 263499 262450, 1916 20144, 14026 28658, 1916 53157, 52752 262403, 52962 262589, 262589 28604, 14026 28333, 52752 53225, 1916 52781, 1916 28301, 52752 28338, 52752 28166, 1916 53037, 1916 262376, 1916 28573, 14026 2715, 263499 23074, 263499 263390, 28165 18881, 14026 262450, 1916 16509, 52752 28209, 1916 262403, 52962 28604, 28271 23074, 52752 20144, 52962 2906, 52962 18881, 14026 28209, 1916 11644, 263499 263363, 18881 262450, 52752 23074, 52752 28658, 263499 262724, 52962 16509, 52752 197426, 28271 262609, 16735 52550, 14026 28665, 26615 262403, 262589 18881, 52752 2715, 1916 28209, 263499 14026, 263499 28573, 52752 2906, 263499 28333, 263499 263395, 263499 28665, 263499 53157, 28271 20144, 1916 262450, 28271 28665, 52752 11644, 16735 262534, 1916 263395, 14026 2906, 52752 16509, 1916 2906, 1916 263390, 28271 28658, 14026 28165, 11432 28165, 263499 28209, 14026 52781]
	RS
start function: AS_Connect_PTT [2015-07-24 11:23:34] 
RS: 52851
RS: 28605
RS: 262879
RS: 52734
RS: 53237
RS: 262715
RS: 28169
RS: 263003
RS: 52770
RS: 52920
RS: 262732
RS: 28631
RS: 18881
RS: 52681
RS: 1916
RS: 262883
RS: 22819
RS: 53197
RS: 61747
RS: 25933
RS: 52751
RS: 28141
RS: 19200
RS: 262903
RS: 28132
RS: 53235
RS: 53223
RS: 263604
RS: 263113
RS: 14026
RS: 264575
RS: 53165
RS: 262589
RS: 52752
RS: 28303
RS: 28299
RS: 53184
RS: 14840
RS: 28155
RS: 28283
RS: 53145
RS: 28146
RS: 53061
RS: 11706
RS: 53169
RS: 262591
RS: 262848
RS: 52610
RS: 262891
RS: 11644
RS: 28623
RS: 53230
RS: 2716
RS: 53112
RS: 262583
RS: 28646
RS: 262965
RS: 262464
RS: 10906
RS: 61950
RS: 53053
RS: 28357
RS: 7465
RS: 262695
RS: 28148
RS: 52694
RS: 53240
RS: 262834
RS: 19611
RS: 262985
RS: 2906
RS: 53167
RS: 20144
RS: 262458
RS: 263442
RS: 262794
RS: 61903
RS: 28166
RS: 26606
RS: 262633
RS: 52828
RS: 28134
RS: 61880
RS: 52795
RS: 52968
RS: 53234
RS: 28573
RS: 52841
RS: 262544
RS: 262605
90
Existent Peers: 1632
[52851 52610, 28605 52770, 262879 25933, 52734 25933, 262715 28141, 28141 52610, 262715 18881, 263003 25933, 52920 18881, 262732 25933, 28631 26606, 52851 25933, 52681 25933, 262883 25933, 22819 18881, 28169 18881, 52751 25933, 19200 2716, 2716 1916, 1916 52752, 28605 262589, 52920 25933, 28141 52770, 53235 28303, 262715 52770, 53223 18881, 25933 18881, 52751 14840, 263604 262589, 52681 262589, 53235 53237, 22819 2716, 53197 18881, 53235 262589, 53235 18881, 28631 18881, 263604 18881, 263113 53234, 28605 18881, 14026 262589, 52851 52770, 52610 28299, 28605 14840, 52610 262589, 262883 14840, 52734 262589, 14026 18881, 262903 18881, 19200 28146, 28141 262583, 53235 262891, 19200 53237, 52610 18881, 53197 52770, 263604 28299, 25933 28303, 263113 52770, 52681 18881, 52770 52694, 262732 2906, 28605 25933, 262715 262589, 264575 262891, 262903 53061, 263113 18881, 19200 18881, 28631 14840, 263604 53169, 22819 53237, 53223 262695, 53223 262589, 28631 262589, 28605 28283, 22819 262589, 52751 28303, 19200 25933, 53165 18881, 263604 14840, 14026 53145, 53237 18881, 28631 25933, 28141 14840, 14026 52752, 18881 2716, 262883 262589, 53235 1916, 22819 52752, 263113 262589, 2716 19611, 18881 14840, 1916 18881, 25933 263442, 19200 262589, 28631 28357, 262903 262464, 52770 262589, 14026 28283, 52851 18881, 263003 18881, 14026 25933, 25933 53223, 262903 262589, 14026 28605, 263604 53223, 52920 262589, 28169 262589, 28141 1916, 52851 28303, 53165 14840, 19200 28303, 28303 28283, 262883 53237, 52681 53237, 263604 52752, 263003 262589, 52751 18881, 52920 28303, 262883 18881, 263604 28303, 22819 14840, 53223 1916, 263604 28146, 263604 61903, 263113 28134, 52681 28146, 28169 263442, 263113 28303, 262903 53145, 263113 25933, 25933 53237, 14026 53235, 53223 28132, 28132 262589, 52734 18881, 264575 14840, 28605 52752, 28132 25933, 262903 14840, 14840 28155, 52751 2906, 263113 53061, 53235 14840, 263113 28299, 53235 52770, 262903 53237, 28169 1916, 262589 28146, 28146 53169, 263604 53237, 14026 14840, 262732 262589, 28605 263442, 53237 1916, 263113 53240, 52681 53169, 28631 53237, 52851 262891, 19200 52770, 53237 28155, 53235 53169, 262589 28283, 262903 28303, 28605 28299, 28631 52734, 25933 262464, 52751 28283, 19200 14840, 53223 53145, 52851 1916, 19200 262891, 28605 28303, 262879 262589, 14026 28303, 28631 1916, 262883 1916, 25933 262544, 262544 28303, 28303 18881, 264575 18881, 22819 28303, 14026 28132, 18881 28299, 263113 262891, 19200 52734, 52751 262589, 262589 53145, 52681 28303, 18881 53112, 28141 262589, 52752 53169, 1916 262589, 28169 53237, 22819 1916, 53197 262695, 262903 28283, 262732 19611, 53197 14840, 52770 14026, 262715 25933, 53235 25933, 53223 53237, 263604 28646, 28132 53053, 264575 262589, 52851 53235, 25933 262589, 22819 53235, 52920 53237, 53223 14840, 53223 28283, 28132 1916, 262883 52751, 53223 52770, 52770 264575, 262883 262985, 263113 53237, 262715 53053, 264575 2906, 264575 61950, 52751 28141, 53197 262589, 14026 61747, 53165 1916, 53235 53230, 14840 52828, 53223 28303, 263604 28283, 28283 53165, 19200 52752, 53237 28303, 19200 28299, 14026 20144, 18881 262589, 262903 52610, 28169 52851, 263113 28146, 263113 52752, 52851 2716, 52751 53169, 28631 28132, 53223 28169, 53235 262695, 25933 262695, 263604 28148, 263113 1916, 22819 25933, 262903 25933, 28132 18881, 53235 52752, 28631 28303, 25933 28573, 22819 28146, 264575 1916, 22819 53169, 52920 262965, 19200 1916, 262883 28166, 28166 52795, 262879 2906, 52681 53235, 263113 14840, 262903 61903, 262903 1916, 262715 14840, 52751 1916, 52851 53237, 52920 1916, 263604 25933, 262903 52681, 53165 28148, 262715 1916, 53223 14026, 53235 11706, 53235 28146, 262715 262464, 264575 11706, 28169 28299, 53223 19200, 263604 53145, 53237 262589, 262903 53167, 1916 61880, 18881 263442, 52851 53230, 263003 28303, 22819 53145, 19200 28283, 263003 14840, 28631 53167, 28169 28303, 25933 52752, 263003 52770, 52681 28283, 52920 28155, 53223 262903, 52752 28146, 14026 53237, 52751 53112, 53235 52734, 28169 262695, 52770 61880, 28303 28146, 22819 262879, 53237 28146, 262715 53230, 262903 11706, 52681 262848, 53235 53061, 28631 52752, 52681 14840, 52681 52752, 1916 263003, 262879 18881, 262883 53145, 28132 28605, 28169 28155, 53165 262589, 262903 52770, 53235 262715, 28141 18881, 53235 262732, 53223 28146, 14026 262891, 1916 52828, 28141 28134, 262883 28303, 263604 263113, 262715 28299, 262732 53145, 28141 262891, 53237 52795, 263604 52968, 28631 52795, 52851 52752, 25933 52841, 18881 61903, 22819 19611, 52610 53167, 28605 53237, 53223 262583, 52770 14840, 19200 262464, 14026 1916, 25933 14840, 1916 28283, 19200 262903, 262883 52841, 28132 28303, 263113 52681, 52681 262605, 263113 11706, 262715 28303, 22819 20144, 28631 28283, 28141 28303, 53223 262985, 53197 1916, 263003 52734, 53165 52795, 52734 262848, 28132 11706, 262883 28605, 264575 263442, 52681 28132, 263604 28155, 53223 52610, 52610 28134, 263604 53230, 264575 28134, 28132 263003, 18881 262633, 263604 1916, 263113 28605, 22819 28299, 52681 52770, 28631 28299, 28141 53237, 262903 52828, 53235 53184, 28141 52752, 262883 28155, 52610 28166, 263113 52968, 28631 262715, 262879 28303, 263604 26606, 25933 262834, 28169 14840, 14840 262464, 262903 28146, 262589 53053, 28303 53061, 53223 53169, 25933 1916, 263003 53112, 28631 52751, 53223 2716, 263113 262695, 18881 28283, 25933 11706, 14026 28146, 52681 263442, 263604 52751, 14840 262544, 28605 1916, 263113 262591, 28132 61950, 25933 28134, 262883 28357, 264575 28646, 19200 53061, 53223 52734, 53235 52828, 52920 53112, 262589 262794, 53223 53061, 53165 262965, 262879 28141, 52920 264575, 28631 11706, 262883 263442, 52751 53061, 14026 52841, 262715 28623, 22819 53112, 28141 2906, 22819 52770, 264575 52828, 52681 19200, 22819 52968, 28631 262848, 263604 262883, 14026 53184, 52851 262589, 52751 26606, 28631 19611, 28631 61747, 262589 262848, 52920 7465, 19200 28169, 263113 7465, 19200 53197, 52851 262848, 52920 53061, 28169 28146, 52751 53237, 52770 25933, 1916 52610, 22819 53197, 52770 53167, 53223 11644, 28605 28146, 53235 28357, 14026 262903, 263113 28283, 262903 28166, 1916 14840, 28631 10906, 53235 52610, 262715 53169, 53237 14840, 262715 52968, 28132 262695, 28132 53237, 53223 52752, 14026 11706, 52681 1916, 263003 28146, 52920 28299, 52851 52920, 22819 262458, 52851 28283, 28141 28573, 262589 28134, 263113 53145, 263604 53184, 52851 262633, 52851 28146, 28631 28146, 263113 28623, 28132 14840, 14026 28573, 22819 53240, 28303 53230, 53223 28299, 53165 25933, 263604 52681, 263003 53184, 262903 52752, 53223 52828, 53223 28141, 53223 53230, 52920 263442, 1916 262834, 25933 53240, 28605 53145, 28631 262965, 263604 52770, 52681 264575, 52681 53145, 2716 28623, 53223 61950, 28141 28155, 53165 28303, 28169 262834, 263604 262879, 263604 53112, 262883 52610, 53223 262794, 52610 262591, 52920 14840, 22819 28283, 52770 53169, 22819 262605, 53235 53240, 263113 52610, 28631 28573, 52920 262848, 28132 11644, 28631 14026, 52851 14840, 263113 53112, 262903 53169, 52851 53169, 263003 28573, 53197 53112, 19200 28573, 262903 11644, 262589 53061, 263003 262633, 53237 61903, 28132 19611, 52920 28146, 14026 262583, 28132 52828, 53237 263442, 52920 263113, 52751 28299, 28631 262834, 263113 53167, 18881 28573, 1916 262695, 19200 7465, 25933 28283, 53237 2906, 262903 28132, 25933 20144, 262883 28299, 22819 14026, 52681 7465, 22819 11644, 28631 61903, 22819 52751, 264575 25933, 262715 11706, 28605 2716, 52681 11706, 18881 262605, 28605 53235, 52751 262903, 262883 28132, 28631 262695, 22819 262794, 28631 52610, 53235 28283, 262903 52920, 264575 262715, 262903 262891, 28141 264575, 263113 28573, 28141 25933, 53197 262891, 19200 20144, 53197 2716, 14026 262605, 1916 52795, 53165 53145, 52751 52610, 262883 262464, 14026 28155, 262883 262458, 262903 28605, 53237 53169, 262903 263604, 25933 28169, 18881 28155, 52610 262605, 1916 262591, 53235 11644, 28169 262544, 53235 53053, 53165 2906, 53223 262591, 52770 28303, 262883 262848, 53235 26606, 19200 53230, 19200 19611, 22819 53053, 53197 28299, 262903 28155, 52751 53145, 19200 53169, 53223 263113, 28141 28146, 53237 11706, 264575 53053, 262715 262879, 263003 52968, 53165 53169, 53197 25933, 14026 264575, 263604 53234, 53235 262848, 1916 53112, 53235 53145, 263113 262883, 53167 53053, 53235 28148, 22819 262848, 28141 53169, 262903 262848, 53237 263003, 52681 52751, 53223 28631, 53237 52610, 264575 28303, 53237 262891, 263604 11706, 262715 52752, 14026 52610, 28631 262879, 22819 61950, 263003 28283, 28141 26606, 28169 52841, 28631 52770, 53235 28132, 53223 262544, 53237 28299, 28132 53112, 52920 53165, 28631 53235, 28605 53169, 53223 28134, 262715 61747, 264575 53169, 1916 28299, 53235 28155, 262883 7465, 53223 61880, 22819 264575, 53165 262591, 262903 28169, 263003 11706, 52734 52752, 19200 61880, 262879 28573, 262883 28146, 53237 52752, 52681 262834, 53197 262965, 53223 262891, 19200 52610, 262903 28299, 14026 263113, 262903 53112, 22819 52734, 53165 19200, 262715 53237, 262732 262848, 1916 11706, 53197 52851, 263003 53169, 22819 28148, 52920 28283, 262903 264575, 264575 28283, 53197 262591, 263604 7465, 53112 53169, 53235 262794, 14026 262464, 262715 53234, 18881 2906, 25933 28646, 28141 53240, 53223 7465, 263113 53169, 25933 2906, 52610 28303, 28169 52752, 28631 28646, 22819 28169, 53235 61950, 14026 53167, 22819 262834, 52920 61950, 262589 28299, 53237 53234, 22819 2906, 53235 52751, 53235 262458, 263604 262715, 263604 28169, 28631 262891, 25933 28146, 52851 262544, 53165 262891, 262903 61747, 53237 10906, 52920 28646, 52770 52752, 53197 28134, 52610 28132, 52681 52841, 263113 52734, 28605 26606, 28132 28299, 28169 53112, 52920 14026, 53223 264575, 263604 52841, 28132 52795, 19200 52968, 28631 28169, 14026 53112, 53165 28155, 14026 53169, 262715 28132, 28631 262903, 19200 28646, 53197 28303, 52681 262732, 28132 28283, 53237 28166, 262715 2716, 28631 2716, 262883 262732, 53223 2906, 52920 61880, 28631 28166, 25933 28155, 262883 20144, 262903 52734, 53235 262583, 28141 28169, 18881 28146, 262715 28169, 263003 61950, 53165 262695, 262715 262794, 22819 28605, 262715 262695, 263604 28132, 263604 262605, 28169 10906, 263003 28166, 262883 262633, 52851 14026, 22819 28573, 22819 262695, 14026 262848, 22819 262903, 263113 262848, 262903 262605, 28631 53053, 52751 14026, 28141 53061, 52851 262695, 52920 262464, 28631 28141, 28169 263113, 263113 53235, 52851 61950, 53235 28299, 262883 53112, 263003 2716, 52920 52828, 53237 53145, 262715 61903, 28169 61950, 53235 53223, 53197 53234, 262883 52770, 263113 52795, 28303 262695, 262879 28299, 52770 61950, 52751 262848, 53237 262848, 262715 28646, 61950 262794, 52851 53061, 52851 262965, 19200 263604, 53235 263003, 1916 28303, 263003 52610, 28132 61880, 28631 53240, 25933 53145, 262715 53167, 22819 28134, 28132 53234, 14026 262458, 53165 53053, 14026 52828, 53237 262965, 52770 1916, 52851 262458, 28631 52841, 28631 28134, 28132 262848, 19200 28631, 52681 262883, 263604 262965, 264575 28155, 262883 52734, 263113 2716, 263003 262891, 263113 26606, 262732 2716, 28132 20144, 52920 263003, 52681 262583, 53235 263604, 262883 53223, 18881 28148, 53235 28169, 28169 61747, 53223 52841, 28141 262883, 28132 52841, 28169 264575, 52681 20144, 53165 28299, 53237 28134, 52681 11644, 28631 262544, 53223 262848, 14840 262891, 262903 262458, 14026 262695, 262903 53235, 262903 61880, 262883 28573, 28631 52968, 53237 262464, 53235 262605, 262903 262883, 262903 28357, 52851 263442, 19200 262605, 263604 52610, 53235 53197, 52610 262458, 53223 263003, 52920 11706, 53235 2906, 262903 53184, 28605 262848, 262883 28623, 28169 26606, 53197 28646, 19200 10906, 19200 52828, 53235 28141, 52920 19200, 22819 262715, 52681 28166, 28631 53061, 262589 262695, 263604 61950, 28631 53169, 262903 262591, 52920 52795, 262715 28146, 52681 52851, 28141 263442, 52851 28148, 14026 262794, 263604 10906, 14026 11644, 263003 28605, 263604 52734, 263113 28132, 263604 53165, 14026 262965, 53223 53112, 263113 53184, 28605 53167, 53237 7465, 52681 2906, 28141 28283, 53223 28573, 1916 28134, 22819 262544, 28132 52752, 263113 53197, 52751 52752, 53237 53053, 28141 28357, 28631 53112, 53237 28148, 52751 52841, 52851 28132, 22819 52795, 19200 28134, 263003 28299, 22819 53167, 52920 28132, 19200 52795, 53165 28169, 53235 262464, 52751 52828, 52681 2716, 53237 262591, 28631 61950, 25933 61880, 22819 262891, 262903 7465, 25933 28166, 52920 262544, 52920 262834, 22819 28155, 52681 262464, 53223 11706, 263604 262891, 263113 28166, 14026 52968, 262879 262605, 263604 262848, 52920 53235, 28141 262903, 1916 53053, 14026 53165, 53223 262732, 262732 18881, 52851 53167, 263113 262879, 28169 263003, 53237 262695, 52681 53197, 61747 18881, 28141 28605, 262715 53112, 22819 28166, 53223 52795, 263113 263003, 28631 53165, 262883 53240, 28631 53184, 14026 28646, 25933 61950, 28605 28155, 22819 28623, 263003 262605, 263003 53240, 52920 28166, 52920 11644, 53235 28134, 52920 53240, 262715 262891, 53235 61903, 1916 263442, 18881 262591, 14026 28299, 19200 11706, 14026 263442, 264575 53197, 19200 262848, 262883 28283, 263604 262985, 263604 2716, 52851 28155, 263113 28155, 19200 28605, 52851 26606, 263604 61880, 28631 263003, 28169 53053, 1916 28146, 52751 262583, 19200 28357, 22819 61903, 262883 53184, 1916 53234, 262903 263113, 22819 53230, 52851 262879, 28169 61880, 28631 262605, 28141 7465, 52851 28605, 262715 53165, 262589 53184, 262903 28646, 52920 262695, 262903 262834, 53223 28605, 262903 19611, 28631 53145, 263113 61880, 262903 262633, 14026 28148, 262903 2716, 53197 11706, 53223 20144, 262883 52828, 14026 53053, 263003 52851, 53237 53167, 263003 53197, 19200 53145, 263604 20144, 262883 2716, 263113 53230, 25933 53169, 263003 52752, 14026 7465, 262715 262883, 264575 19200, 22819 53061, 53165 52681, 19200 14026, 52920 28134, 14026 61880, 52770 61903, 263113 52751, 264575 53145, 262715 262834, 53235 2716, 19200 53112, 53223 53167, 263113 11644, 1916 262605, 19200 61747, 1916 61950, 263003 262879, 52681 10906, 53235 28573, 53235 28623, 262732 262583, 53237 262605, 52681 262695, 262715 28283, 262903 28134, 52920 52841, 14026 61950, 53165 263442, 25933 11644, 52920 2906, 263113 28141, 28141 53197, 1916 28148, 53197 53169, 28169 11644, 52920 19611, 53223 53165, 1916 28646, 14026 262544, 53197 52841, 53165 53112, 262903 53230, 25933 52828, 14026 28134, 52770 53237, 19200 28141, 14026 53230, 53235 262883, 14026 28141, 52920 52610, 53235 52841, 22819 11706, 264575 263113, 52851 28134, 28141 53112, 53235 262544, 28169 53145, 25933 28299, 28631 28155, 53197 262464, 52681 61880, 52851 262903, 14026 262591, 52920 2716, 28631 22819, 53223 10906, 53223 52920, 22819 7465, 28141 52828, 53237 28283, 262715 262458, 28631 28605, 52681 52610, 52751 61880, 262732 28155, 53223 28166, 52751 263003, 263113 262794, 264575 52795, 52681 61903, 264575 28299, 28141 263003, 52920 262794, 264575 262965, 262903 263003, 263113 20144, 262715 262965, 1916 28155, 52920 53053, 263113 53165, 263113 10906, 52681 52920, 52734 28303, 262883 28646, 28132 53169, 14026 28623, 53165 28132, 19200 262834, 52681 28357, 52734 28283, 262715 52795, 263113 262834, 52681 52828, 262903 262732, 53197 28155, 53235 262834, 19200 28623, 263604 28623, 262883 53169, 52681 263003, 53223 26606, 53223 22819, 262883 52968, 53235 20144, 52681 61950, 19200 28166, 53223 52751, 52920 53184, 19200 53053, 53197 52920, 22819 262965, 53053 52841, 262732 53112, 263113 28646, 19200 262633, 28169 53169, 53235 262965, 52751 28166, 262903 262695, 19200 263442, 1916 262891, 22819 53184, 19200 262583, 53235 52968, 14026 53234, 262903 28148, 263113 28631, 22819 28132, 264575 53165, 262732 53197, 52851 28166, 52681 22819, 263604 262695, 28283 53167, 53235 53167, 28631 52851, 28631 263604, 28132 53145, 52751 19200, 53223 28155, 19200 28155, 22819 52610, 264575 28148, 14026 28166, 262903 53053, 52681 28299, 28169 28148, 262715 53145, 28141 53230, 52681 262965, 28169 262965, 262715 53223, 263604 262464, 52681 262544, 28631 53234, 262715 262903, 14026 262715, 53165 28646, 262732 52841, 263604 28605, 14026 61903, 28132 2906, 53235 7465, 52681 28605, 52681 53112, 1916 20144, 263604 11644, 262903 2906, 28132 28646, 28631 7465, 1916 262965, 22819 263604, 262883 28169, 14026 52734, 262715 52920, 262732 53165, 52681 19611, 262903 20144, 264575 28132, 262732 53184, 52920 28623, 28169 52828, 52851 7465, 22819 28646, 262715 19200, 262879 262903, 52920 28605, 53197 2906, 25933 52795, 53197 61880, 264575 262834, 14026 262985, 53237 52841, 262883 262605, 28141 28299, 262883 53165, 14026 28357, 262715 52851, 53223 53184, 264575 53234, 28132 262965, 53165 61950, 263113 262985, 52920 52752, 28169 53234, 52610 53145, 19200 26606, 28169 262848, 262715 52841, 19200 262794, 52681 26606, 262903 61950, 52751 262891, 264575 28605, 263604 263442, 262883 14026, 262903 263442, 22819 61880, 22819 52828, 53197 262834, 28631 61880, 52681 53061, 28631 262732, 262903 53234, 53237 61950, 264575 262591, 52770 61747, 1916 28573, 262732 262695, 28169 52610, 52751 53053, 53235 52795, 53223 53240, 22819 262883, 53165 11706, 19200 61903, 52851 61880, 262883 262583, 263113 262965, 262903 52841, 262903 28573, 263604 52795, 53235 61747, 22819 263003, 52851 28646, 52770 28146, 263113 52851, 53197 53165, 262715 28148, 14026 2716, 28631 11644, 52751 28169, 1916 262544, 1916 2906, 53197 262848, 262883 262965, 263604 28357, 61747 2906, 53165 52828, 53165 52841, 52851 53223, 263113 61903, 262715 262591, 53237 61880, 52610 28155, 262883 11706, 28631 262883, 28169 28134, 262903 53165, 262903 26606, 53197 61950, 262715 262848, 52920 52751, 264575 19611, 28631 262794, 52851 262883, 52920 262985, 52751 7465, 53223 53197, 2716 61880, 22819 263442, 262903 262794, 28132 262544, 263604 53053, 14026 52795, 52751 53240, 53237 2716, 14026 263604, 28169 2906, 53197 28283, 14026 26606, 263003 61880, 19200 263113, 52751 262464, 28132 28146, 2716 262583, 28631 263442, 263604 264575, 22819 53165, 52751 28146, 53197 28132, 262715 2906, 53223 28646, 263604 262834, 263604 52828, 28605 52734, 14026 28169, 19200 262458, 53165 28605, 263604 28166, 28631 52681, 263604 28573, 263113 262464, 19200 53167, 52851 2906, 14026 263003, 53197 263442, 22819 53234, 52681 28169, 52920 262605, 52920 53145, 52751 28605, 22819 262591, 28169 28132, 28169 2716, 262715 52681, 52681 262794, 53223 53234, 22819 10906, 53223 262965, 14026 53197, 262715 53197, 263113 52828, 19200 11644, 28631 262464, 262903 28623, 53235 262985, 52751 262695, 53223 28357, 28169 28283, 22819 263113, 52851 53145, 53235 53112, 28631 53230, 263604 262633, 53235 19611, 262589 262965, 52610 28146, 28141 28646, 28631 53197, 22819 52851, 25933 262965, 52851 52841, 28631 2906, 28631 28148, 53165 19611, 263113 262633, 52920 53169, 53235 262591, 28132 28148, 52681 262458, 52681 14026, 22819 28141, 14026 53061, 25933 262591, 53165 28134, 53197 53053, 52681 53184, 22819 28357, 262883 52920, 1916 53145, 262732 7465, 28132 28155, 263113 262732, 52610 28283, 19200 52841, 263604 52851, 28169 28605, 53235 262633, 263604 19611, 264575 52841, 53237 262794, 263604 53167, 18881 262458, 52681 28155, 14026 53240, 52751 61950, 263113 28148, 28141 52841, 263113 53053, 52920 28169, 52751 11706, 22819 262985, 28132 262834, 19200 262883, 53237 28646, 263113 262583, 28605 52610, 53237 52828, 52681 28148, 19200 262591, 262879 28155, 53223 28623, 19200 28132, 14026 19611, 53223 61903, 53235 61880, 28169 19611, 262715 28605, 262903 262583, 53223 262633, 52851 262985, 52681 53053, 19200 61950, 19200 52851, 53235 28166, 14026 262732, 19200 53184, 14026 10906, 263604 262794, 22819 26606, 53235 262879, 28141 53145, 53237 53112, 262715 263113, 53165 53234, 52681 28623, 28141 52968, 53197 19611, 53223 61747, 28141 53184, 262715 19611, 52851 52968, 263003 264575, 263604 53197, 19200 53234, 14026 262834, 52681 52795, 53197 28605, 28169 20144, 22819 52841, 53165 262834, 263604 263003, 25933 19611, 263003 20144, 28169 262891, 22819 52920, 14026 262633, 263113 28357, 53235 19200, 263604 262732, 53237 53197, 53223 53053, 19200 262985, 53223 28148, 52734 53112, 19200 262965, 22819 262732, 19200 53240, 264575 2716, 53237 53184, 52751 2716, 19200 262695, 53165 2716, 22819 262464, 53235 53234, 28631 20144, 28631 262591, 28631 262583, 22819 262633, 52851 53112, 25933 52610, 19200 262879, 19200 262544, 263113 262544, 53235 264575, 28169 11706, 263113 263442, 19200 2906, 262715 61880, 52920 28148, 52751 11644, 22819 61747, 28141 28132, 263003 52795, 22819 262583, 52681 262891, 53197 28169, 28132 262891, 262903 10906, 1916 52841, 53197 52828, 1916 53169, 262903 53197, 53237 28573, 53235 263442, 263604 52920, 53223 262605, 263113 61747, 28631 262458, 262903 262985, 52851 52734, 262903 52795, 263003 262695, 262883 61880, 263003 262985, 28169 52795, 28631 52828, 52751 28132, 28132 2716, 263604 262583, 263113 262605, 53223 19611, 28283 52841, 263003 19200, 263113 2906, 262903 262544, 1916 262848, 52920 262591, 53235 28646, 53235 10906, 263604 61747, 262715 28134, 262715 28155, 53230 262834, 263604 53061, 264575 262695, 52851 61747, 52681 61747, 264575 52851, 52681 28646, 263003 7465, 262715 263003, 28132 28134, 263604 2906, 28169 262591, 52734 28299, 263604 28141, 28631 262985, 263604 262544, 53197 52795, 52681 53234, 262903 53240, 28631 52920, 53237 19611, 52681 262633, 52751 53184, 262715 52828, 263113 19611, 28605 53112, 262903 262965, 28631 262633, 262883 61950, 19200 28148, 262879 52752, 262903 52968, 28132 262591, 52681 53240, 53235 53165, 22819 19200, 263113 52841, 263604 28134, 28141 11706, 28141 262605, 52920 53234, 262715 263442, 14026 262879, 52920 262891, 14026 2906, 28631 264575, 28169 28646, 25933 53234, 52681 262591, 52920 20144, 52751 262544, 53197 28148, 53223 262834, 263113 262458, 53223 262879, 28132 263442, 263113 61950, 263003 53167, 53223 263442, 52681 28134, 52851 28299, 53223 262458, 262883 53061, 53237 262834, 262715 61950, 262879 53145, 264575 53112, 53223 52968, 53223 52681, 53165 52851, 53197 53145, 25933 53053, 28631 28623, 53223 262464, 19200 262732]
	SC
start function: AS_Connect_PTT [2015-07-24 11:23:38] 
SC: 1916
SC: 52950
SC: 11242
SC: 53062
SC: 18881
SC: 14026
SC: 28303
SC: 28329
SC: 28343
SC: 14840
SC: 28293
SC: 11835
SC: 28642
SC: 52813
SC: 52750
SC: 28123
SC: 10906
SC: 52625
SC: 7048
SC: 20144
SC: 264330
SC: 11802
SC: 262481
SC: 28573
24
Existent Peers: 118
[52950 28303, 11242 1916, 14026 18881, 14026 28303, 14026 28329, 11242 18881, 1916 28303, 1916 11835, 14026 14840, 53062 14840, 11242 28303, 1916 18881, 28303 18881, 52950 18881, 1916 28343, 18881 28343, 53062 28329, 11242 28329, 28303 28329, 11242 14840, 53062 11835, 53062 28303, 52950 53062, 28343 11802, 28303 14840, 1916 28329, 53062 52813, 14026 11835, 11242 53062, 14026 20144, 14026 28293, 14026 28343, 1916 264330, 14840 52750, 1916 14840, 1916 53062, 52950 11242, 11242 28642, 14026 53062, 52950 7048, 53062 52750, 11242 11835, 18881 14840, 11242 28343, 28343 52813, 53062 28343, 14840 28642, 14026 1916, 1916 52950, 53062 28642, 14026 11802, 11242 20144, 1916 28642, 14026 28573, 14026 52750, 53062 28293, 14026 28123, 28303 7048, 28303 28343, 52950 28123, 28303 262481, 11242 7048, 52950 14840, 11242 28573, 14026 11242, 11242 52750, 1916 28573, 11242 10906, 1916 10906, 28303 52813, 28343 11835, 28303 52625, 28303 11802, 52950 28642, 18881 262481, 28303 52750, 53062 262481, 53062 11802, 11242 28293, 11242 28123, 1916 28123, 1916 11802, 14026 28642, 11242 52813, 52950 11802, 14026 264330, 7048 28123, 53062 10906, 28303 10906, 1916 28293, 14026 52950, 53062 52625, 11242 52625, 14026 262481, 11242 262481, 1916 20144, 11242 11802, 1916 52625, 53062 20144, 1916 52750, 52950 52813, 11242 264330, 1916 52813, 14026 7048, 1916 7048, 14026 10906, 28303 20144, 28303 264330, 53062 28573, 14026 52625, 1916 262481, 28303 28573, 52950 11835, 53062 28123, 53062 264330, 53062 7048, 52950 28293, 14026 52813]
	SCA
start function: AS_Connect_PTT [2015-07-24 11:23:42] 
SCA: 52888
SCA: 28571
2
Existent Peers: 1
[52888 28571]
	SJC
start function: AS_Connect_PTT [2015-07-24 11:23:42] 
SJC: 61816
SJC: 262318
SJC: 28262
SJC: 27693
SJC: 53069
SJC: 20144
SJC: 52884
SJC: 28573
SJC: 11284
SJC: 14026
10
Existent Peers: 11
[61816 27693, 61816 262318, 61816 14026, 27693 14026, 27693 28573, 61816 28573, 61816 11284, 61816 20144, 61816 53069, 61816 52884, 61816 28262]
	SJP
start function: AS_Connect_PTT [2015-07-24 11:23:42] 
SJP: 52579
SJP: 14026
SJP: 262721
SJP: 53166
SJP: 262761
SJP: 28330
SJP: 28263
SJP: 28573
SJP: 263062
9
Existent Peers: 22
[14026 262761, 14026 52579, 53166 28263, 53166 52579, 14026 28573, 52579 262761, 53166 262761, 14026 28263, 53166 262721, 52579 28330, 14026 263062, 52579 28263, 52579 262721, 53166 28330, 53166 28573, 14026 53166, 14026 262721, 52579 263062, 14026 28330, 52579 28573, 262761 263062, 53166 263062]
	SP
start function: AS_Connect_PTT [2015-07-24 11:23:43] 
SP: 262589
SP: 18881
SP: 262666
SP: 53237
SP: 262903
SP: 52696
SP: 23106
SP: 16735
SP: 28124
SP: 1916
SP: 25933
SP: 263447
SP: 52752
SP: 28364
SP: 263077
SP: 12989
SP: 28624
SP: 28303
SP: 262454
SP: 53062
SP: 28306
SP: 262675
SP: 28198
SP: 28202
SP: 28299
SP: 262684
SP: 22381
SP: 14868
SP: 16397
SP: 52908
SP: 11835
SP: 28186
SP: 262355
SP: 28343
SP: 28329
SP: 28368
SP: 52925
SP: 393742
SP: 61568
SP: 28625
SP: 22356
SP: 263444
SP: 19182
SP: 52840
SP: 263469
SP: 28155
SP: 52873
SP: 52547
SP: 4809
SP: 262463
SP: 1251
SP: 52937
SP: 262353
SP: 262760
SP: 28618
SP: 262659
SP: 262721
SP: 28250
SP: 262725
SP: 262743
SP: 263432
SP: 28283
SP: 52579
SP: 28598
SP: 14840
SP: 52888
SP: 262575
SP: 262402
SP: 262375
SP: 52734
SP: 262688
SP: 53162
SP: 28634
SP: 11432
SP: 52691
SP: 262727
SP: 53184
SP: 262476
SP: 262429
SP: 2688
SP: 262907
SP: 22177
SP: 262599
SP: 262310
SP: 262744
SP: 52614
SP: 262778
SP: 263460
SP: 52974
SP: 28292
SP: 28279
SP: 263311
SP: 13414
SP: 28146
SP: 28224
SP: 28352
SP: 53061
SP: 11706
SP: 262750
SP: 13495
SP: 20940
SP: 52920
SP: 53122
SP: 262847
SP: 53224
SP: 262333
SP: 52783
SP: 262777
SP: 14463
SP: 262765
SP: 262581
SP: 263416
SP: 262605
SP: 263057
SP: 53120
SP: 22548
SP: 28330
SP: 27724
SP: 28642
SP: 28125
SP: 22431
SP: 262848
SP: 263296
SP: 15180
SP: 52610
SP: 8075
SP: 35788
SP: 28152
SP: 28220
SP: 262434
SP: 262878
SP: 61704
SP: 22250
SP: 262761
SP: 16594
SP: 53075
SP: 28668
SP: 15169
SP: 263297
SP: 14551
SP: 28349
SP: 28138
SP: 53143
SP: 28639
SP: 27693
SP: 28370
SP: 262369
SP: 262650
SP: 262329
SP: 53080
SP: 28166
SP: 27720
SP: 19873
SP: 28640
SP: 28140
SP: 28305
SP: 61924
SP: 28360
SP: 53202
SP: 262822
SP: 61813
SP: 262609
SP: 262757
SP: 53100
SP: 11644
SP: 33182
SP: 16509
SP: 52896
SP: 28669
SP: 28580
SP: 28654
SP: 263019
SP: 262620
SP: 28173
SP: 264417
SP: 53115
SP: 262336
SP: 28226
SP: 53167
SP: 262561
SP: 262660
SP: 28158
SP: 28216
SP: 53118
SP: 262785
SP: 28663
SP: 26609
SP: 53101
SP: 262891
SP: 28267
SP: 28207
SP: 28649
SP: 53238
SP: 262647
SP: 262664
SP: 53196
SP: 262669
SP: 8055
SP: 28647
SP: 263314
SP: 52613
SP: 52962
SP: 13335
SP: 28247
SP: 53065
SP: 53139
SP: 262906
SP: 262501
SP: 53145
SP: 52697
SP: 53079
SP: 61898
SP: 13878
SP: 53111
SP: 264135
SP: 52640
SP: 263071
SP: 53171
SP: 20406
SP: 28666
SP: 28229
SP: 262585
SP: 52977
SP: 262965
SP: 262749
SP: 52527
SP: 23105
SP: 10733
SP: 17222
SP: 28153
SP: 52861
SP: 53070
SP: 28309
SP: 263042
SP: 262469
SP: 53222
SP: 28169
SP: 14204
SP: 6057
SP: 52550
SP: 262729
SP: 53192
SP: 30081
SP: 61951
SP: 28576
SP: 53185
SP: 53166
SP: 264397
SP: 264574
SP: 52945
SP: 28347
SP: 52866
SP: 28665
SP: 262428
SP: 262449
SP: 61765
SP: 52836
SP: 61882
SP: 262446
SP: 262558
SP: 262301
SP: 61915
SP: 28599
SP: 262464
SP: 53221
SP: 53142
SP: 61782
SP: 28161
SP: 23002
SP: 61914
SP: 53218
SP: 53037
SP: 262394
SP: 31529
SP: 28272
SP: 28165
SP: 53066
SP: 53242
SP: 53097
SP: 52568
SP: 28605
SP: 262401
SP: 52631
SP: 52941
SP: 52803
SP: 262363
SP: 28300
SP: 61720
SP: 52604
SP: 36408
SP: 52877
SP: 53102
SP: 28163
SP: 53125
SP: 16685
SP: 262493
SP: 53158
SP: 52660
SP: 263113
SP: 262435
SP: 52573
SP: 53082
SP: 61440
SP: 262792
SP: 262444
SP: 28661
SP: 53068
SP: 263421
SP: 262412
SP: 264173
SP: 53144
SP: 53072
SP: 28122
SP: 52987
SP: 28288
SP: 262833
SP: 28195
SP: 262861
SP: 263405
SP: 263099
SP: 263471
SP: 262733
SP: 263544
SP: 262828
SP: 28571
SP: 262354
SP: 262742
SP: 52689
SP: 262720
SP: 53208
SP: 23074
SP: 28644
SP: 28670
SP: 28593
SP: 28171
SP: 52699
SP: 52775
SP: 263357
SP: 53135
SP: 22689
SP: 61683
SP: 28269
SP: 263328
SP: 7162
SP: 22085
SP: 28328
SP: 52880
SP: 28340
SP: 28331
SP: 262545
SP: 262420
SP: 262557
SP: 2906
SP: 263663
SP: 28189
SP: 264590
SP: 52915
SP: 28151
SP: 263504
SP: 28239
SP: 262797
SP: 263541
SP: 53146
SP: 28254
SP: 53165
SP: 262680
SP: 263055
SP: 16736
SP: 52751
SP: 264538
SP: 263332
SP: 262775
SP: 52869
SP: 262539
SP: 263035
SP: 262516
SP: 28637
SP: 28175
SP: 20144
SP: 53088
SP: 262988
SP: 262807
SP: 52824
SP: 52892
SP: 262731
SP: 263442
SP: 12136
SP: 28280
SP: 262488
SP: 14650
SP: 262732
SP: 28630
SP: 28233
SP: 52971
SP: 52681
SP: 52944
SP: 28201
SP: 14571
SP: 28275
SP: 262532
SP: 262372
SP: 262794
SP: 262413
SP: 52668
SP: 53013
SP: 263353
SP: 28123
SP: 42385
SP: 262883
SP: 263603
SP: 52924
SP: 28191
SP: 262730
SP: 52841
SP: 264425
SP: 53008
SP: 28209
SP: 263535
SP: 262344
SP: 52884
SP: 53178
SP: 28591
SP: 28204
SP: 52828
SP: 263631
SP: 263525
SP: 7048
SP: 28206
SP: 132591
SP: 263269
SP: 28657
SP: 52551
SP: 262865
SP: 28334
SP: 28604
SP: 28132
SP: 52795
SP: 28636
SP: 61949
SP: 15133
SP: 61935
SP: 262686
SP: 28359
SP: 262499
SP: 263589
SP: 53001
SP: 263518
SP: 30122
SP: 53169
SP: 53059
SP: 10362
SP: 52686
SP: 61650
SP: 52571
SP: 263087
SP: 27715
SP: 263626
SP: 263461
SP: 28573
SP: 28311
SP: 262901
SP: 28667
SP: 28310
SP: 263678
SP: 28187
SP: 263608
SP: 262544
SP: 28590
SP: 61769
SP: 23128
SP: 262658
SP: 52650
SP: 262288
SP: 28615
SP: 262780
SP: 262856
SP: 53130
SP: 28270
SP: 28001
SP: 28258
SP: 21911
SP: 262518
SP: 262632
SP: 28589
SP: 263301
SP: 262673
SP: 263513
SP: 264492
SP: 20121
SP: 28277
SP: 14026
SP: 262787
SP: 262448
SP: 262737
SP: 13357
SP: 53175
SP: 262879
SP: 53179
498
Existent Peers: 378
[18881 61568, 262903 53061, 25933 263442, 12989 27720, 18881 28343, 16735 262448, 25933 262464, 28303 53061, 22381 262532, 14868 262544, 22381 14463, 18881 52660, 52660 28125, 52752 53169, 12989 262659, 262659 52579, 18881 53202, 16735 262761, 262589 28625, 28625 52668, 262589 27724, 28625 15133, 22356 8055, 263444 28207, 4809 28666, 16735 52689, 14840 2906, 16735 28258, 1251 52888, 18881 14840, 14840 262907, 28303 28146, 11432 16735, 16735 262650, 22177 262589, 14840 52861, 262778 28267, 16397 28349, 28343 28283, 16735 28163, 18881 28359, 28359 262688, 28250 28198, 16397 53008, 53008 28349, 18881 262688, 18881 53158, 53224 28340, 12989 262454, 12989 28239, 18881 52610, 16735 262372, 25933 262891, 18881 262434, 18881 28360, 263444 53059, 12989 28634, 18881 28169, 16735 52573, 52752 53158, 14840 28642, 18881 25933, 28299 52610, 52610 53167, 16735 12989, 22356 28668, 28303 53222, 27724 28151, 16735 28125, 18881 52977, 12989 52925, 16735 28589, 18881 28279, 16397 52691, 61568 52568, 18881 263042, 18881 263416, 18881 20940, 28283 263297, 25933 52681, 12989 262673, 262310 52962, 14840 52892, 16735 53171, 28360 263099, 16397 262743, 22356 21911, 28146 53169, 16735 22356, 22356 28666, 18881 262828, 18881 52696, 18881 262669, 12989 263432, 28666 263513, 16397 262329, 263444 28654, 16735 28306, 28306 263432, 16397 53013, 28343 53238, 12989 262413, 16735 53102, 16735 28279, 28283 262907, 18881 52873, 53237 28191, 262402 262375, 28226 52941, 393742 52752, 28258 53139, 12989 28625, 16397 263678, 16735 28201, 28201 28360, 16735 28649, 28666 262906, 262906 262807, 28640 28352, 262589 263055, 16397 61951, 28625 2906, 18881 28283, 262659 262493, 263444 28198, 16397 2906, 25933 52751, 16735 262659, 16735 262785, 16735 262797, 16735 263504, 27724 36408, 14840 52869, 11835 262847, 18881 262775, 262907 52734, 18881 262435, 28303 262539, 53143 28349, 28306 262780, 16735 263544, 28303 52861, 28258 262749, 18881 28155, 28343 11835, 22381 262429, 18881 52944, 18881 10733, 16397 28644, 28303 28283, 16735 28171, 22177 52941, 18881 28269, 14840 28155, 28250 262336, 12989 262765, 16735 14868, 14868 263042, 18881 52631, 18881 52783, 262589 28306, 263444 28187, 18881 11432, 28303 262544, 52579 263314, 28186 28615, 11432 52571, 14840 52751, 16735 263469, 18881 262822, 18881 262675, 16397 53143, 52752 61782, 16735 262730, 18881 262865, 18881 53139, 22548 30122, 25933 262544, 25933 262879, 12989 28649, 263444 28153, 28666 262797, 14840 52568, 18881 52547, 262394 52547, 16735 27693, 18881 262620, 53066 28591, 18881 28670, 28283 263113, 262476 52573, 18881 28605, 18881 263518, 53059 28229, 22381 262446, 393742 28191, 25933 61915, 22381 262585, 28598 61813, 61813 20940, 52840 262401, 28306 28229, 53162 52668, 16735 262353, 52579 262420, 18881 28636, 14868 28158, 12989 52613, 28666 28239, 14840 53222, 22177 28254, 18881 53237, 12989 28198, 262760 263626, 262589 28299, 18881 27715, 18881 262449, 28666 263461, 28663 21911, 18881 28615, 28669 52571, 18881 263269, 18881 28580, 11835 53088, 16397 262666, 16735 28591, 53059 262730, 393742 11835, 18881 53001, 28171 263019, 25933 11432, 23106 11432, 16735 28191, 25933 28639, 52925 263626, 12989 28640, 263444 28224, 25933 28155, 16735 262807, 22689 14868, 16397 263471, 22177 52866, 28580 28657, 28657 262684, 28303 53192, 16735 264417, 1251 53166, 18881 262856, 14840 262464, 16735 28665, 18881 262605, 16735 28277, 28666 262686, 16735 263269, 28303 18881, 28598 262727, 25933 52869, 262760 28202, 52925 264492, 22356 28124, 14840 262883, 52925 28630, 16685 22356, 28250 52631, 27724 53135, 28368 262532, 262760 262363, 22548 42385, 16735 52783, 16735 262777, 18881 16685, 16685 263071, 18881 28299, 25933 28605, 16735 10733, 10733 263332, 16735 262444, 18881 263077, 16397 28165, 16735 28202, 1916 262742, 14840 53192, 53237 262402, 28669 262558, 25933 263297, 18881 53066, 18881 26609, 16735 28334, 18881 262737, 18881 28639, 13878 7162, 22356 263461, 16735 262336, 18881 28589, 28250 28640, 28173 262557, 16735 28247, 262493 14463, 14840 61769, 28204 263513, 28124 28352, 52604 53061, 22356 27715, 27715 262518, 12989 53237, 262760 52866, 16735 262428, 16735 262375, 23106 262336, 28368 262727, 11835 28359, 18881 28158, 18881 262749, 28625 262731, 16735 28669, 1916 52888, 61568 28661, 14840 61720, 52752 28146, 16397 28272, 52752 264574, 52579 28668, 28368 52824, 53237 52892, 27693 53008, 28166 52795, 28250 262448, 16397 262787, 18881 262288, 16735 28309, 28329 263328, 16397 262420, 18881 53072, 22356 28206, 16735 28280, 16735 28138, 18881 28258, 23106 53072, 18881 28292, 15180 53208, 28303 52604, 16397 61440, 18881 262557, 28303 61769, 14840 52828, 28202 53125, 16735 28311, 28303 52977, 52941 52527, 28576 262731, 16397 262744, 27724 53111, 16735 262729, 14840 262544, 28226 262807, 262420 28349, 28226 52866, 18881 53196, 28250 262733, 262733 28207, 18881 53144, 262589 53142, 18881 28224, 262733 263087, 28666 52908, 28303 7048, 16735 262721, 61568 28615, 22177 52686, 16735 52987, 1916 1251, 11432 53208, 16397 262833, 28250 263460, 16735 28330, 16735 28195, 14840 53175, 28329 262394]
	VIX
start function: AS_Connect_PTT [2015-07-24 11:23:43] 
VIX: 18881
VIX: 262822
VIX: 263080
VIX: 53203
VIX: 52988
VIX: 14026
VIX: 1916
VIX: 53022
VIX: 28139
VIX: 262474
VIX: 52550
VIX: 52945
VIX: 262789
VIX: 26162
VIX: 28573
VIX: 262288
VIX: 262374
17
Existent Peers: 62
[262822 18881, 263080 18881, 53203 18881, 52988 263080, 14026 18881, 53203 1916, 52988 18881, 262822 52988, 14026 263080, 263080 1916, 18881 52550, 262822 1916, 53203 52988, 52988 53022, 53203 262822, 14026 1916, 263080 262822, 53203 263080, 14026 262822, 262822 262474, 262822 28573, 263080 262474, 14026 262288, 14026 28573, 263080 262374, 18881 262789, 53203 262789, 53203 28139, 53203 26162, 53203 262474, 14026 53203, 263080 28573, 262822 53022, 52988 28139, 28139 262822, 263080 262288, 53203 53022, 263080 52550, 262822 262374, 18881 28573, 263080 52945, 14026 52988, 263080 28139, 53203 28573, 53203 52550, 53203 262374, 53203 262288, 52988 262474, 263080 53022, 14026 262474, 263080 262789, 262822 52550, 262822 262789, 262822 26162, 14026 262789, 14026 26162, 14026 28139, 14026 262374, 14026 52550, 14026 53022, 18881 262288, 262822 262288]
CSV file was created successfully !!!
Execution time: 1102ms
End function: Density [2015-07-24 11:23:44] 
End
