Start
	BA
start function: AS_Connect_PTT [2015-12-14 13:53:00] 
BA: 28135
BA: 1916
BA: 53242
BA: 18881
BA: 14026
BA: 52720
BA: 28202
BA: 262687
BA: 28186
BA: 52873
BA: 52871
BA: 52999
BA: 262668
BA: 262843
BA: 53071
BA: 10906
BA: 61902
BA: 53239
BA: 53236
BA: 25832
BA: 20144
BA: 53164
BA: 52960
BA: 28573
BA: 28615
25
Existent Peers: 94
[28135 18881, 14026 52720, 53242 18881, 14026 18881, 53242 52720, 53242 1916, 1916 18881, 52720 262687, 28135 1916, 28135 52720, 28135 28202, 53242 53071, 14026 28202, 53242 28202, 53242 52871, 14026 28186, 52720 262668, 14026 20144, 52873 262843, 28135 262687, 14026 1916, 28135 52960, 53242 28186, 28135 28186, 18881 262687, 28135 52871, 53242 28135, 14026 53164, 14026 53242, 28135 53071, 14026 262668, 28135 61902, 52871 28202, 14026 28573, 18881 28202, 14026 52871, 53242 10906, 52871 262668, 52873 52871, 28135 52873, 14026 52873, 1916 262843, 28135 14026, 14026 262687, 53242 53236, 28135 25832, 28186 28615, 1916 52720, 53242 262687, 53242 262668, 52720 53236, 53242 52873, 28135 53164, 53242 20144, 53242 28615, 18881 28573, 28135 53239, 18881 28615, 28135 28573, 14026 52960, 18881 28186, 52873 28615, 52720 52960, 53242 52999, 1916 28186, 28135 262668, 53242 53164, 14026 53071, 14026 61902, 53242 28573, 14026 52999, 1916 61902, 28135 53236, 1916 20144, 53242 262843, 1916 52999, 14026 53239, 1916 53164, 28135 52999, 14026 262843, 14026 25832, 53242 25832, 52873 52720, 53242 61902, 14026 10906, 28135 20144, 53242 53239, 14026 28615, 28186 52999, 1916 52873, 28135 10906, 28135 262843, 14026 53236, 28135 28615]
	BEL
start function: AS_Connect_PTT [2015-12-14 13:53:01] 
BEL: 53237
BEL: 264221
BEL: 1916
BEL: 14026
BEL: 262864
BEL: 53016
BEL: 262378
BEL: 28188
BEL: 20144
BEL: 12136
BEL: 262492
BEL: 28573
BEL: 262511
BEL: 61817
14
Existent Peers: 23
[264221 1916, 53237 1916, 14026 53237, 14026 20144, 14026 1916, 1916 262511, 14026 264221, 53237 20144, 14026 28573, 14026 262492, 264221 262492, 53237 61817, 53237 28573, 264221 61817, 53237 12136, 262378 53237, 53237 53016, 14026 28188, 14026 12136, 14026 262511, 14026 262864, 14026 61817, 14026 53016]
	CAS
start function: AS_Connect_PTT [2015-12-14 13:53:01] 
CAS: 52579
CAS: 28580
CAS: 53116
CAS: 53102
CAS: 28329
CAS: 16735
CAS: 14026
CAS: 18881
CAS: 52925
CAS: 22177
CAS: 8075
CAS: 28226
CAS: 28649
CAS: 28667
CAS: 28229
CAS: 53038
CAS: [0xb0
17
Existent Peers: 37
[52579 16735, 53102 16735, 53102 18881, 53116 18881, 14026 16735, 14026 18881, 52579 28329, 52579 8075, 52579 28667, 14026 28329, 53102 28329, 53116 16735, 14026 28226, 14026 52925, 52579 22177, 52579 28229, 53102 8075, 52579 52925, 14026 8075, 52579 28226, 14026 52579, 53116 8075, 14026 53102, 53116 28329, 14026 28667, 52579 18881, 52925 53038, 52579 53102, 16735 53038, 53102 28229, 28580 28229, 14026 22177, 53102 28580, 14026 28649, 52579 53038, 16735 22177, 14026 28229]
	CE
start function: AS_Connect_PTT [2015-12-14 13:53:02] 
CE: 262475
CE: 1916
CE: 28598
CE: 26162
CE: 18881
CE: 14026
CE: 52965
CE: 28368
CE: 262727
CE: 52981
CE: 263665
CE: 11921
CE: 28190
CE: 28270
CE: 53246
CE: 28308
CE: 28225
CE: 20144
CE: 12136
CE: 28573
CE: 28197
21
Existent Peers: 90
[26162 18881, 262475 18881, 28598 18881, 14026 18881, 1916 18881, 1916 28368, 14026 52965, 14026 28368, 26162 28368, 1916 52965, 26162 1916, 14026 28598, 14026 262475, 26162 28598, 262475 28368, 1916 28598, 28368 53246, 14026 20144, 28368 28225, 14026 1916, 28598 53246, 262475 28308, 262475 1916, 14026 262727, 262475 28598, 1916 53246, 28598 28197, 28598 28225, 262475 52965, 52965 28308, 52981 263665, 262475 263665, 28598 263665, 14026 52981, 14026 28573, 26162 262727, 14026 263665, 262475 11921, 262475 28197, 26162 28190, 26162 11921, 1916 263665, 262475 262727, 14026 53246, 28368 263665, 28598 52981, 1916 28197, 262475 52981, 14026 28308, 28598 28368, 14026 28270, 1916 11921, 28598 11921, 28598 20144, 26162 28573, 1916 28190, 28598 28270, 26162 14026, 26162 53246, 28598 28308, 14026 11921, 262475 28573, 28598 28573, 26162 20144, 262475 28225, 26162 263665, 1916 52981, 28368 28190, 262475 12136, 1916 20144, 26162 12136, 1916 28225, 1916 28573, 14026 28225, 26162 28308, 28598 262727, 26162 28225, 14026 12136, 1916 28308, 26162 52981, 26162 28270, 14026 28197, 28598 12136, 26162 262475, 262475 28190, 1916 262727, 14026 28190, 262475 53246, 1916 28270, 262475 20144]
	CPV
start function: AS_Connect_PTT [2015-12-14 13:53:03] 
CPV: 1916
CPV: 53087
CPV: 53093
CPV: 28135
CPV: 262773
CPV: 52777
CPV: 262738
CPV: 18881
CPV: 14026
CPV: 26162
CPV: 262400
CPV: 262681
CPV: 61570
CPV: 262491
14
Existent Peers: 81
[53087 18881, 28135 18881, 262773 18881, 262738 1916, 262738 18881, 52777 28135, 14026 18881, 262773 1916, 26162 18881, 53093 18881, 52777 18881, 18881 262681, 262681 262738, 1916 18881, 262738 262773, 262773 262681, 262681 28135, 53093 1916, 262400 18881, 1916 28135, 28135 61570, 262400 1916, 52777 53087, 26162 1916, 14026 262773, 262773 262491, 1916 53087, 262773 53087, 52777 1916, 262738 53087, 52777 262773, 52777 262491, 53087 28135, 1916 262491, 14026 1916, 18881 262491, 14026 262681, 53093 262773, 14026 28135, 262773 61570, 53093 53087, 26162 61570, 53093 262681, 53093 28135, 262400 262738, 262400 53087, 262773 28135, 26162 262681, 262681 262400, 1916 61570, 28135 262738, 14026 61570, 26162 28135, 28135 262491, 14026 53087, 53093 61570, 262400 28135, 52777 61570, 53093 14026, 262738 61570, 26162 53087, 262738 14026, 262738 52777, 52777 53093, 26162 14026, 262738 262491, 53093 262400, 53093 262491, 52777 262681, 53087 262491, 26162 53093, 18881 61570, 262773 262400, 1916 262681, 262738 53093, 53087 61570, 14026 262400, 262400 52777, 52777 14026, 14026 262491, 262400 61570]
	CXJ
start function: AS_Connect_PTT [2015-12-14 13:53:05] 
CXJ: 14026
CXJ: 18881
CXJ: 14840
CXJ: 28169
4
Existent Peers: 5
[14026 14840, 14026 18881, 18881 14840, 14026 28169, 18881 28169]
	DF
start function: AS_Connect_PTT [2015-12-14 13:53:05] 
DF: 53237
DF: 53195
DF: 14026
DF: 16735
DF: 28587
DF: 18881
DF: 25933
DF: 1916
DF: 28329
DF: 262827
DF: 14840
DF: 61909
DF: 28191
DF: 262839
DF: 22515
DF: 263308
DF: 262484
DF: 28303
DF: 28327
DF: 52858
DF: 20144
DF: 12136
DF: 28573
DF: 10954
DF: 28629
DF: 26218
26
Existent Peers: 86
[16735 28303, 53195 18881, 18881 14840, 53195 16735, 53237 18881, 14026 16735, 14026 18881, 53237 16735, 14026 25933, 53237 14840, 53195 25933, 14026 28329, 53237 28303, 53195 53237, 53195 28329, 53237 28329, 53237 1916, 14026 53237, 53237 25933, 53195 14840, 14026 20144, 14026 14840, 18881 25933, 14026 1916, 53195 1916, 18881 28329, 53237 28191, 53195 12136, 53195 28629, 53195 61909, 53237 28587, 53237 20144, 14026 28573, 28329 262484, 14026 262827, 53195 14026, 53195 28191, 53195 28303, 53195 262484, 14026 28191, 53237 22515, 18881 28327, 53237 10954, 53195 28573, 53237 262827, 53237 28573, 18881 28573, 53237 12136, 16735 1916, 18881 26218, 14026 28587, 14026 52858, 14026 22515, 53195 26218, 53195 262827, 18881 28303, 53195 28327, 28329 28327, 53237 61909, 14026 61909, 28329 262827, 53195 52858, 53237 28629, 14026 26218, 53195 20144, 14026 262839, 16735 28573, 53195 22515, 14026 12136, 16735 20144, 53195 262839, 53237 52858, 14026 10954, 53195 10954, 53237 263308, 14026 28629, 53237 28327, 53237 26218, 53237 262839, 14026 263308, 53237 262484, 16735 28329, 53195 28587, 14026 28327, 53195 263308, 14026 262484]
	GYN
start function: AS_Connect_PTT [2015-12-14 13:53:05] 
GYN: 53237
GYN: 14026
GYN: 16735
GYN: 18881
GYN: 262476
GYN: 28329
GYN: 262952
GYN: 263343
GYN: 262878
GYN: 61929
GYN: 53171
GYN: 28279
GYN: 28326
GYN: 262993
GYN: 262324
GYN: 28573
16
Existent Peers: 45
[14026 18881, 18881 53237, 14026 16735, 18881 28279, 53237 16735, 53237 28329, 14026 28329, 14026 53237, 16735 262476, 14026 262476, 53237 262476, 16735 262993, 18881 262476, 28279 262324, 53237 262952, 53237 53171, 14026 28573, 53237 28279, 16735 53171, 53237 28326, 28329 28326, 14026 262952, 16735 28279, 14026 263343, 14026 28326, 28279 263343, 14026 61929, 53237 28573, 16735 262952, 14026 53171, 28279 262952, 14026 262878, 16735 61929, 61929 263343, 18881 262878, 14026 28279, 53237 262878, 16735 262878, 14026 262324, 14026 262993, 53237 263343, 53237 262993, 53237 61929, 18881 28573, 53237 262324]
	LAJ
start function: AS_Connect_PTT [2015-12-14 13:53:06] 
LAJ: 52694
LAJ: 25933
LAJ: 14026
LAJ: 28303
LAJ: 262591
LAJ: 28259
LAJ: 262464
LAJ: 262441
LAJ: 263000
LAJ: 28573
10
Existent Peers: 29
[52694 28303, 14026 28303, 25933 28303, 14026 25933, 25933 262464, 52694 263000, 28303 262591, 14026 28573, 14026 28259, 14026 262464, 52694 28259, 25933 52694, 28303 263000, 25933 28573, 14026 262591, 28303 28259, 28303 262464, 25933 263000, 14026 263000, 52694 28573, 52694 262464, 25933 28259, 52694 262591, 52694 262441, 25933 262591, 14026 262441, 25933 262441, 28303 28573, 14026 52694]
	LDA
start function: AS_Connect_PTT [2015-12-14 13:53:06] 
LDA: 26162
LDA: 18881
LDA: 14868
LDA: 262355
LDA: 22356
LDA: 14282
LDA: 53115
LDA: 28663
LDA: 28287
LDA: 263155
LDA: 263076
LDA: 264520
LDA: 263538
LDA: 11835
LDA: 22689
LDA: 262995
LDA: 20144
LDA: 262865
LDA: 28573
LDA: 262493
LDA: 52544
LDA: 11284
LDA: 28193
LDA: 14026
LDA: 8167
LDA: 28359
LDA: 262451
27
Existent Peers: 35
[26162 18881, 26162 53115, 26162 22356, 26162 14868, 26162 28663, 26162 22689, 22689 14868, 26162 52544, 18881 11835, 26162 14282, 14282 263076, 26162 28287, 26162 262493, 26162 262995, 26162 262355, 14282 263155, 18881 28359, 26162 263076, 22689 262451, 262355 264520, 26162 264520, 26162 263155, 26162 28573, 26162 14026, 26162 20144, 14282 262995, 26162 262865, 26162 11835, 22356 262355, 26162 28193, 26162 8167, 26162 11284, 26162 263538, 26162 28359, 26162 262451]
	MAO
start function: AS_Connect_PTT [2015-12-14 13:53:06] 
MAO: 263450
MAO: 264470
MAO: 14026
MAO: 262486
MAO: 263098
MAO: 28573
6
Existent Peers: 5
[264470 14026, 14026 28573, 264470 262486, 14026 263098, 14026 262486]
	MG
start function: AS_Connect_PTT [2015-12-14 13:53:06] 
MG: 262733
MG: 28360
MG: 52631
MG: 1916
MG: 28329
MG: 16735
MG: 18881
MG: 23106
MG: 28202
MG: 28250
MG: 21574
MG: 263460
MG: 28268
MG: 262336
MG: 262552
MG: 53072
MG: 28616
MG: 20144
MG: 12136
MG: 262504
MG: 28201
MG: 28573
MG: 16712
23
Existent Peers: 76
[28360 16735, 52631 28329, 28360 18881, 52631 28250, 28250 28202, 52631 16735, 1916 23106, 1916 16735, 1916 28329, 1916 18881, 52631 23106, 52631 18881, 52631 1916, 52631 16712, 28360 28250, 23106 262336, 28360 12136, 16735 28616, 52631 28202, 1916 28250, 28250 28268, 52631 28360, 52631 12136, 28329 28250, 1916 28202, 28360 28329, 1916 28360, 28360 23106, 52631 262733, 16735 28201, 1916 21574, 16735 28329, 1916 262336, 1916 263460, 16735 21574, 52631 28268, 23106 262504, 16735 262733, 1916 262504, 28250 262733, 1916 28201, 52631 21574, 1916 262733, 1916 16712, 52631 28573, 1916 53072, 18881 28573, 52631 263460, 52631 28616, 28250 262336, 1916 28268, 28329 263460, 18881 262504, 28250 16712, 52631 262552, 52631 262504, 262504 263460, 1916 262552, 23106 53072, 52631 53072, 28202 28573, 28360 262733, 28360 20144, 1916 20144, 1916 28573, 16735 28202, 28250 262552, 52631 20144, 1916 28616, 16735 20144, 28360 16712, 28329 28573, 52631 262336, 18881 53072, 52631 28201, 16735 28573]
	MGF
start function: AS_Connect_PTT [2015-12-14 13:53:07] 
MGF: 262871
MGF: 14868
MGF: 262354
MGF: 18881
MGF: 262355
MGF: 262548
MGF: 262586
MGF: 14282
MGF: 53115
MGF: 263076
MGF: 264520
MGF: 262621
MGF: 263647
MGF: 52538
MGF: 263329
MGF: 263589
MGF: 28573
MGF: 262956
MGF: 262500
MGF: 28359
20
Existent Peers: 50
[262354 18881, 14868 18881, 18881 28359, 262354 14868, 14868 53115, 262354 14282, 262354 53115, 14868 262355, 262354 263329, 14282 53115, 14868 263329, 262355 262956, 262354 262355, 262354 52538, 262354 28359, 14868 14282, 262355 263647, 262354 262871, 14868 28359, 262355 262500, 18881 53115, 14282 263076, 18881 263589, 262355 264520, 14868 263647, 262355 262548, 262354 262586, 14868 262621, 53115 262621, 14868 28573, 262354 262621, 18881 262621, 262355 263329, 262355 262586, 14868 262586, 262354 264520, 262354 28573, 14868 264520, 262354 262548, 262355 52538, 14868 262871, 262354 262500, 14868 262548, 262354 263589, 14868 262956, 262354 263076, 14868 262500, 262354 262956, 262354 263647, 14868 263076]
	NAT
start function: AS_Connect_PTT [2015-12-14 13:53:08] 
NAT: 1916
NAT: 262876
NAT: 28135
NAT: 53153
NAT: 28184
NAT: 14026
NAT: 262857
NAT: 28220
NAT: 11644
NAT: 28339
NAT: 20144
NAT: 28573
12
Existent Peers: 51
[262876 28220, 1916 28135, 262876 53153, 14026 20144, 53153 1916, 28184 28220, 14026 1916, 28184 14026, 28184 1916, 14026 28135, 53153 28135, 28184 262876, 53153 28220, 14026 28220, 28184 28135, 28135 11644, 14026 262876, 14026 28573, 1916 28220, 28135 28220, 28184 28339, 262876 28135, 28184 53153, 53153 28339, 28135 28339, 262876 20144, 14026 11644, 53153 28573, 28135 28573, 53153 14026, 1916 262857, 53153 20144, 28184 262857, 28184 20144, 262876 11644, 1916 20144, 262876 28339, 28135 262857, 53153 11644, 1916 28573, 28184 28573, 28184 11644, 53153 262857, 1916 11644, 28220 28573, 28135 20144, 1916 28339, 14026 28339, 262876 28573, 262876 262857, 14026 262857]
	PE
start function: AS_Connect_PTT [2015-12-14 13:53:09] 
PE: 52850
PE: 28368
PE: 28131
PE: 28615
PE: 1916
PE: 28135
PE: 18881
PE: 14026
PE: 52965
PE: 28310
PE: 264507
PE: 53144
PE: 52568
PE: 262792
PE: 262642
PE: 52777
PE: 28252
PE: 28161
PE: 28573
PE: 264494
20
Existent Peers: 124
[52850 28310, 28131 18881, 52850 18881, 28368 1916, 28135 18881, 28615 18881, 28131 1916, 28368 18881, 14026 18881, 1916 18881, 28135 52965, 52850 28135, 28615 1916, 28615 28131, 28131 262642, 1916 52965, 28615 52965, 1916 28135, 28310 28368, 28135 28368, 28368 52965, 14026 52568, 52850 1916, 28135 262642, 14026 52965, 52965 262792, 28310 264494, 28135 52777, 52850 262642, 18881 52965, 18881 28252, 14026 1916, 28131 28368, 28368 264507, 14026 28135, 28131 52568, 52850 52965, 52850 28131, 28615 28135, 28310 52568, 28131 28310, 28131 28135, 14026 264507, 28131 52777, 28310 28161, 28368 52568, 14026 28573, 28131 14026, 28131 52965, 28615 28368, 14026 28310, 18881 53144, 28368 52850, 52850 28161, 28615 264494, 28368 53144, 28615 28252, 14026 28161, 28368 28161, 28131 53144, 1916 264507, 52850 264507, 28615 52850, 52965 53144, 28368 28252, 28135 28310, 52850 264494, 1916 262642, 14026 262642, 14026 28368, 28615 28573, 1916 262792, 28615 264507, 28615 14026, 52850 262792, 18881 262642, 28135 28573, 28135 264507, 52850 28252, 1916 28161, 28615 28161, 52850 14026, 28615 53144, 28615 262642, 28135 28161, 28135 28252, 14026 262792, 28131 28573, 28615 28310, 28135 52568, 28135 53144, 14026 264494, 28135 264494, 28368 262642, 28615 52568, 28310 28573, 14026 28252, 1916 52568, 18881 28573, 14026 52777, 1916 28310, 1916 28573, 52850 53144, 28368 264494, 28368 262792, 28615 52777, 52850 52777, 52850 52568, 28131 264507, 28368 28573, 28131 28252, 1916 52777, 28615 262792, 28131 264494, 28131 262792, 28135 262792, 14026 53144, 28310 52777, 28131 28161, 1916 28252, 1916 264494, 52850 28573, 1916 53144, 28368 52777]
	PR
start function: AS_Connect_PTT [2015-12-14 13:53:10] 
PR: 262589
PR: 26162
PR: 3549
PR: 8167
PR: 1916
PR: 18881
PR: 28303
PR: 14868
PR: 11835
PR: 28202
PR: 28329
PR: 22356
PR: 10881
PR: 14840
PR: 28250
PR: 28343
PR: 262688
PR: 28271
PR: 53046
PR: 262778
PR: 53169
PR: 264471
PR: 262847
PR: 52519
PR: 263083
PR: 28663
PR: 28642
PR: 264393
PR: 52976
PR: 28299
PR: 11644
PR: 264417
PR: 28267
PR: 262318
PR: 263076
PR: 262970
PR: 12140
PR: 13522
PR: 42909
PR: 262790
PR: 263542
PR: 22689
PR: 14282
PR: 263055
PR: 20144
PR: 14650
PR: 10412
PR: 19723
PR: 28591
PR: 28146
PR: 28573
PR: 23128
PR: 262500
PR: 52997
PR: 28193
PR: 14026
56
Existent Peers: 93
[26162 18881, 26162 3549, 3549 18881, 26162 22356, 26162 52997, 3549 262318, 26162 14868, 26162 262589, 26162 28329, 26162 8167, 26162 28663, 26162 28303, 3549 28329, 26162 11835, 26162 14840, 26162 28250, 3549 28146, 26162 1916, 10881 264471, 26162 28642, 26162 262790, 26162 28343, 3549 28271, 3549 262688, 8167 14282, 26162 10412, 262688 28146, 3549 28299, 3549 11835, 11835 262790, 262778 28267, 26162 262688, 3549 19723, 28146 53169, 26162 264417, 26162 28202, 18881 262688, 18881 264393, 3549 14282, 3549 14868, 14868 22689, 26162 28591, 10881 53046, 26162 264471, 26162 28267, 26162 262847, 26162 22689, 10881 28193, 14840 28642, 26162 53169, 26162 52976, 52976 12140, 8167 12140, 26162 262778, 14868 53046, 26162 263076, 3549 262847, 28202 28250, 26162 10881, 10881 263083, 262847 264393, 26162 13522, 26162 28299, 28299 262589, 26162 28573, 26162 14026, 26162 19723, 26162 262318, 14840 28591, 26162 20144, 26162 14282, 26162 42909, 26162 52519, 28299 262500, 26162 23128, 26162 262970, 26162 28146, 26162 12140, 26162 53046, 26162 28193, 3549 28591, 26162 28271, 3549 22689, 262778 52519, 28329 28250, 26162 263083, 26162 264393, 26162 14650, 26162 263542, 26162 263055, 26162 11644, 26162 262500, 3549 28202]
	RJ
start function: AS_Connect_PTT [2015-12-14 13:53:10] 
RJ: 262778
RJ: 263499
RJ: 28366
RJ: 52637
RJ: 262706
RJ: 263324
RJ: 263047
RJ: 1916
RJ: 52551
RJ: 28250
RJ: 28329
RJ: 16735
RJ: 52962
RJ: 18881
RJ: 14026
RJ: 262589
RJ: 26592
RJ: 262310
RJ: 28255
RJ: 28338
RJ: 52937
RJ: 28663
RJ: 52909
RJ: 22356
RJ: 28210
RJ: 262854
RJ: 52662
RJ: 53162
RJ: 263057
RJ: 262808
RJ: 28260
RJ: 2715
RJ: 262534
RJ: 53120
RJ: 8075
RJ: 23074
RJ: 15169
RJ: 262403
RJ: 262609
RJ: 11644
RJ: 262450
RJ: 16509
RJ: 27720
RJ: 52781
RJ: 53219
RJ: 26615
RJ: 26609
RJ: 262848
RJ: 28658
RJ: 262485
RJ: 17222
RJ: 262376
RJ: 28271
RJ: 263363
RJ: 28665
RJ: 28333
RJ: 53037
RJ: 28301
RJ: 11432
RJ: 263033
RJ: 264150
RJ: 263405
RJ: 197426
RJ: 52699
RJ: 52689
RJ: 2906
RJ: 10704
RJ: 262724
RJ: 20144
RJ: 28166
RJ: 28209
RJ: 262663
RJ: 28604
RJ: 28165
RJ: 52766
RJ: 28573
RJ: 262799
RJ: 263395
RJ: 53157
RJ: 263390
80
Existent Peers: 803
[262778 262589, 263499 28329, 28366 28260, 28260 26615, 52637 18881, 263324 263047, 263499 263047, 52637 28210, 263324 18881, 263499 18881, 28250 18881, 262778 18881, 263499 16735, 263047 16735, 52962 16735, 1916 26615, 263324 16735, 1916 262589, 28250 28329, 263324 53162, 52962 18881, 16735 52689, 263324 262589, 262589 262854, 262778 1916, 14026 16735, 263324 28329, 14026 18881, 262706 27720, 28329 52699, 263047 18881, 1916 27720, 52637 16735, 263047 262485, 1916 8075, 1916 16735, 1916 28329, 263047 28329, 16735 11432, 263047 26592, 26615 262589, 262706 52551, 263499 26609, 28329 262589, 1916 18881, 262706 262589, 262589 28210, 52962 28329, 263324 52551, 262706 28250, 262778 8075, 262778 16735, 52962 262589, 14026 26592, 52962 28658, 263499 262589, 262589 52699, 262778 262808, 14026 262589, 52637 28329, 52962 1916, 263324 26592, 52962 26592, 263324 22356, 52962 22356, 53162 262589, 28260 26609, 262706 18881, 28260 263047, 52962 28663, 263499 262376, 262706 26609, 14026 263057, 263499 28210, 28366 28338, 28338 262589, 14026 28329, 263499 1916, 263499 28338, 28260 16735, 52962 52551, 262778 28663, 263047 52551, 26592 28255, 14026 52551, 263499 262609, 28260 22356, 263499 262778, 14026 263047, 262706 26592, 14026 26609, 263047 28210, 14026 262778, 263047 1916, 263047 28338, 14026 262854, 14026 28250, 263047 11432, 263324 1916, 28260 27720, 263324 2715, 52962 28338, 262706 262848, 263324 28338, 26592 52937, 262778 22356, 262706 15169, 16735 262706, 262589 18881, 262706 22356, 1916 28663, 262706 28338, 52962 8075, 263499 26592, 52962 262609, 16735 28166, 26592 262403, 263499 28250, 263499 262808, 263499 52551, 28260 2906, 263324 28210, 14026 28338, 262706 28329, 263499 15169, 14026 20144, 263499 27720, 262778 263057, 1916 52551, 14026 52689, 263324 264150, 14026 28210, 28260 53162, 263499 52662, 52962 52699, 263499 262403, 263324 28260, 263047 262848, 263047 22356, 263324 28250, 1916 28250, 16735 28604, 53162 26615, 52637 52551, 14026 27720, 263047 28250, 14026 28663, 263324 263057, 52962 28260, 28329 53037, 1916 262310, 52962 28250, 262778 28329, 262706 262310, 262310 52962, 14026 1916, 28260 23074, 262706 28663, 28260 262403, 52637 1916, 28260 28250, 263499 28663, 14026 8075, 26592 27720, 262589 52689, 1916 262808, 262778 28338, 262706 28260, 14026 22356, 28338 264150, 18881 263405, 263047 262310, 263499 22356, 262706 262376, 1916 28338, 52637 28250, 262778 28250, 28260 262376, 262706 262808, 28260 8075, 262706 262403, 262778 262848, 16735 52662, 16735 20144, 28260 28663, 263047 52962, 263499 8075, 52962 15169, 16735 26609, 52962 263324, 26592 262724, 262778 53162, 1916 26609, 18881 26609, 14026 15169, 262706 8075, 28260 262589, 262778 263047, 28210 52909, 263047 28271, 263047 28573, 28210 262854, 52637 14026, 263047 262609, 262706 20144, 28250 16735, 11432 18881, 262778 11644, 16735 22356, 28260 1916, 28329 28271, 28250 262589, 263047 53162, 52962 27720, 263324 262778, 52962 52662, 26592 262310, 263499 262848, 14026 28301, 52962 26609, 263324 26609, 28260 28329, 53162 28573, 52637 22356, 1916 26592, 263324 52909, 14026 263405, 28260 263057, 28260 2715, 1916 262663, 14026 197426, 28250 52551, 263324 28301, 262854 53219, 14026 17222, 1916 28165, 26615 53157, 52962 28210, 262706 28210, 28260 11432, 262706 1916, 14026 16509, 263324 27720, 263047 28663, 1916 15169, 263324 28665, 14026 28260, 53162 28665, 28250 8075, 1916 262848, 1916 262534, 1916 28301, 28260 263390, 263499 53162, 263047 27720, 1916 10704, 263499 262485, 262778 264150, 262706 263363, 14026 11432, 262778 262706, 52962 263390, 263047 15169, 14026 53219, 263499 263405, 1916 22356, 1916 28333, 52962 263057, 262706 263057, 14026 262663, 28260 28165, 1916 52766, 14026 10704, 26592 263395, 263395 262589, 263324 262706, 263499 262854, 263324 52662, 14026 52962, 53162 11432, 14026 28573, 14026 53162, 263324 28663, 262778 52937, 28250 22356, 26592 28333, 28333 262589, 52962 28255, 1916 264150, 263324 262403, 53162 16509, 1916 2715, 263499 28260, 262706 28573, 263324 262808, 14026 262485, 263499 262310, 262778 23074, 1916 263405, 263324 53120, 28260 28338, 263324 15169, 262589 28573, 52962 262778, 28338 28604, 28329 27720, 262778 15169, 262706 52689, 28250 28165, 263047 53037, 263047 263057, 52962 262376, 52637 52962, 52962 28166, 16735 28665, 262706 197426, 1916 11432, 262706 262799, 263499 52781, 263047 17222, 28260 28658, 52962 17222, 263324 8075, 263047 28166, 28260 18881, 28329 262848, 263499 2715, 263499 2906, 262706 28166, 28260 262808, 26592 263363, 262778 52551, 262706 53120, 52637 15169, 52962 262808, 262706 263047, 1916 28210, 28329 53162, 52937 52766, 263047 10704, 1916 53162, 52962 28333, 26615 53037, 28260 52551, 263499 264150, 52962 53120, 1916 23074, 53162 262848, 28210 263057, 28260 262534, 262706 263395, 28329 16735, 263499 263057, 1916 262854, 52962 262706, 28329 28573, 263499 53120, 1916 262609, 263047 52662, 28260 28333, 14026 28271, 14026 53157, 1916 263363, 52962 262403, 52962 262854, 28250 264150, 263324 262450, 1916 263057, 263047 28604, 14026 262403, 263047 262663, 26592 52781, 263324 262310, 14026 26615, 263324 262376, 263047 52637, 28210 262808, 53162 16735, 26615 26592, 52637 8075, 263324 262854, 263324 262485, 28260 262854, 52962 263363, 263499 28255, 28250 262799, 28260 20144, 28250 52781, 263499 52937, 14026 28604, 262778 17222, 52962 263395, 263499 17222, 262706 262854, 28250 197426, 52962 52689, 52962 28271, 52962 11432, 262589 28165, 263047 26609, 262706 262485, 26592 263390, 14026 264150, 14026 262724, 262706 52909, 263047 52689, 263499 52909, 262778 262534, 28260 53157, 263499 28165, 28260 28271, 28329 8075, 52637 17222, 1916 197426, 1916 2906, 262778 28255, 28260 263405, 28260 262485, 263047 28301, 262706 23074, 1916 52909, 263324 2906, 28260 28301, 28260 52699, 262706 263405, 1916 28665, 26592 263405, 263324 28333, 263047 8075, 263499 52766, 14026 23074, 262706 28271, 263047 52937, 1916 28658, 26592 28165, 28260 10704, 53162 8075, 263047 263363, 28260 263033, 28260 53037, 28250 52937, 262706 52781, 52637 262799, 262706 2715, 28329 18881, 263324 28255, 28329 11432, 28250 20144, 14026 262808, 262706 264150, 28260 52637, 52637 262485, 52637 28301, 262706 16509, 52962 53162, 263324 10704, 262778 28260, 1916 17222, 28260 262663, 263047 28658, 263499 11644, 28250 15169, 53162 53037, 262778 11432, 52962 2715, 28329 2906, 28210 28658, 263047 264150, 52962 23074, 28250 28255, 1916 262403, 52637 28663, 28165 16735, 28250 28663, 263499 28604, 28260 52689, 28260 28255, 14026 53037, 1916 52689, 263499 262534, 26592 2906, 28250 17222, 262778 28665, 28260 52937, 1916 52662, 262706 28333, 263499 52962, 262706 53162, 262778 28165, 52962 53037, 263324 28165, 52962 264150, 14026 52766, 52962 262848, 263499 262706, 14026 11644, 28260 262724, 28260 262310, 262778 53037, 263324 263363, 26615 262403, 28250 262403, 52637 26609, 263047 52699, 28329 15169, 52962 2906, 28260 264150, 263324 20144, 52637 197426, 262706 28658, 263499 28301, 52962 52909, 263499 28166, 262706 28209, 263047 16509, 14026 52909, 14026 53120, 263047 28665, 26592 263033, 262706 52937, 262706 53157, 262706 10704, 263499 52699, 28260 28166, 263499 263324, 262778 28166, 52962 197426, 28260 263363, 28260 28665, 52637 52766, 28250 263405, 263047 23074, 1916 28604, 263047 2906, 28260 52766, 263499 20144, 52962 262534, 263499 52689, 1916 28166, 263324 53157, 14026 263390, 263047 28165, 263047 262799, 1916 28271, 263047 52909, 263324 23074, 263324 263395, 53162 28165, 28250 52909, 14026 262534, 52962 53157, 1916 262485, 52962 20144, 263499 197426, 14026 263033, 262778 262854, 263047 20144, 263499 262799, 52637 28658, 263499 28658, 14026 52662, 52962 52937, 262778 52662, 52637 263499, 263499 53037, 52637 262403, 263499 16509, 263047 2715, 262778 28658, 262706 17222, 262706 52637, 28329 52689, 28329 52937, 52962 262663, 1916 262724, 262778 262310, 263047 28255, 14026 262376, 26592 262450, 52962 262485, 14026 28255, 263047 263405, 28250 28658, 52637 28255, 263324 28271, 52962 28165, 263324 16509, 262706 262534, 263324 52937, 263324 197426, 14026 262310, 262778 52689, 262706 11432, 52637 263324, 263499 10704, 52962 263033, 52962 11644, 263499 28271, 1916 52937, 262706 52766, 263324 52689, 14026 263395, 263047 53120, 263499 11432, 1916 16509, 263047 262534, 262706 52662, 262706 53219, 52637 28604, 1916 28255, 263047 263390, 52962 28573, 53162 52937, 26615 28604, 14026 28166, 262778 262403, 14026 263363, 52637 263405, 28260 262848, 28250 53162, 53162 28604, 263499 262450, 263499 23074, 263324 17222, 52962 262450, 1916 20144, 52637 52781, 14026 28658, 52962 52766, 1916 53157, 262706 53037, 263324 263405, 52637 262848, 28250 28301, 52637 53120, 53162 27720, 17222 53120, 262778 262609, 52637 262310, 14026 28333, 28260 262450, 1916 52781, 28260 28573, 1916 52699, 262706 2906, 262706 262663, 14026 262799, 28260 26592, 1916 53037, 262778 20144, 1916 262376, 28260 53120, 262778 52909, 1916 28573, 28250 262485, 14026 2715, 262706 11644, 262778 28271, 263324 53037, 28329 262609, 263324 11644, 28260 52781, 263047 28209, 28329 28663, 28329 28165, 52637 52909, 263499 263390, 14026 263499, 28329 16509, 262589 52551, 262778 52637, 14026 262450, 52637 262609, 263047 11644, 28329 28604, 28250 2906, 263499 53219, 262778 262450, 263047 53157, 262778 28573, 53162 2906, 263324 262848, 262706 28255, 52962 262799, 28260 53219, 53162 26609, 28260 52909, 263499 262663, 1916 53219, 263047 52781, 263324 263033, 28329 23074, 263324 28658, 28250 262609, 52637 52937, 52962 28604, 263395 18881, 263047 262376, 28250 53120, 14026 28209, 262778 53219, 1916 11644, 263499 263363, 14026 262848, 263047 263395, 263499 262724, 52637 264150, 52962 16509, 262706 262724, 263324 262724, 262706 52699, 262778 26609, 52962 28665, 262778 28604, 263324 52781, 53162 23074, 262778 262799, 262778 27720, 263047 53219, 28250 11644, 52962 10704, 1916 262799, 263324 28166, 52637 2906, 28329 28665, 262706 262450, 14026 263324, 263324 28604, 262706 14026, 52962 52781, 14026 28665, 1916 53120, 262778 53157, 28250 262848, 28250 26609, 263324 53219, 1916 28209, 263499 263033, 28250 27720, 262778 10704, 262706 263390, 28250 52766, 263499 28573, 28250 28210, 263047 262808, 28250 262808, 262778 2715, 14026 52937, 52962 53219, 263499 28333, 262706 28301, 263499 263395, 28250 262310, 263499 28665, 262778 2906, 52637 27720, 28329 26609, 52962 28209, 263499 53157, 262706 28165, 14026 2906, 52962 262724, 263047 262724, 263324 52766, 28260 52662, 262778 262376, 263324 28209, 28260 262799, 263324 28573, 52637 53219, 263324 262534, 262778 262663, 52962 28301, 28338 15169, 28260 28209, 263324 52699, 263324 262663, 28250 28604, 1916 262450, 52962 263405, 263324 262799, 263047 28333, 262706 28665, 262706 263033, 52637 262808, 1916 263395, 28260 263395, 263047 197426, 1916 263390, 14026 28165, 263499 28209, 26615 2906, 14026 52699, 28338 10704, 14026 52781, 52637 11644, 262706 28604, 1916 263033, 28250 16509, 263047 52766, 263324 263390, 28260 17222, 28250 53219]
	RS
start function: AS_Connect_PTT [2015-12-14 13:53:14] 
RS: 19200
RS: 262883
RS: 262715
RS: 61747
RS: 52694
RS: 52770
RS: 53237
RS: 52920
RS: 28631
RS: 52685
RS: 53197
RS: 52851
RS: 52869
RS: 25933
RS: 52751
RS: 262879
RS: 52681
RS: 1916
RS: 263089
RS: 28141
RS: 22819
RS: 14026
RS: 28605
RS: 52734
RS: 52653
RS: 28132
RS: 18881
RS: 53235
RS: 262907
RS: 53223
RS: 263113
RS: 262589
RS: 263893
RS: 53165
RS: 28146
RS: 28303
RS: 53184
RS: 14840
RS: 28155
RS: 53061
RS: 264134
RS: 28283
RS: 262848
RS: 53145
RS: 11706
RS: 262591
RS: 52610
RS: 53169
RS: 262891
RS: 11644
RS: 28259
RS: 28623
RS: 53230
RS: 8674
RS: 2716
RS: 263604
RS: 262583
RS: 28646
RS: 262605
RS: 262965
RS: 53112
RS: 53222
RS: 28169
RS: 61672
RS: 53192
RS: 61729
RS: 262464
RS: 10906
RS: 53053
RS: 28357
RS: 7465
RS: 28148
RS: 61763
RS: 53240
RS: 263126
RS: 262834
RS: 19611
RS: 262985
RS: 2906
RS: 263597
RS: 53167
RS: 20144
RS: 262458
RS: 263442
RS: 262732
RS: 262794
RS: 61903
RS: 28166
RS: 262459
RS: 264575
RS: 26606
RS: 262633
RS: 52828
RS: 28134
RS: 61880
RS: 52795
RS: 52968
RS: 53234
RS: 28573
RS: 264480
RS: 52841
RS: 262544
RS: 53066
103
Existent Peers: 2699
[19200 262589, 262883 14840, 262715 262589, 262715 18881, 52694 52770, 52920 25933, 52920 18881, 28631 26606, 52685 262589, 52851 52610, 52751 14840, 262879 25933, 52681 25933, 52751 25933, 263089 14840, 28141 52610, 52851 52770, 22819 18881, 28141 262589, 14840 18881, 28605 18881, 53237 18881, 52920 262589, 19200 2716, 2716 1916, 262715 28141, 52734 25933, 52653 18881, 53197 262907, 262907 262589, 52653 53112, 61747 53237, 22819 2716, 28132 262589, 18881 53066, 53235 28303, 25933 53237, 18881 262589, 262883 263604, 52770 18881, 53223 18881, 53237 262589, 52869 18881, 52685 28283, 262907 14840, 25933 18881, 52681 53237, 52694 18881, 22819 28303, 52694 262589, 263893 28169, 263893 18881, 52851 28303, 28303 262544, 53235 18881, 52653 25933, 53197 52770, 262715 53237, 263113 53234, 52869 53237, 263113 25933, 53237 61763, 28605 14840, 1916 262589, 52653 262589, 262883 262589, 52681 262589, 61747 1916, 262883 18881, 52734 262589, 52685 18881, 263089 1916, 28631 262589, 19200 28146, 263113 262589, 52770 28605, 28631 18881, 28141 18881, 28141 262583, 52734 18881, 28631 25933, 25933 262589, 52751 262589, 52653 14840, 19200 53237, 262589 28146, 262883 28146, 52851 262589, 52610 262589, 52770 28146, 25933 28303, 61747 262589, 61747 28623, 53223 28146, 28146 53169, 53223 262589, 262715 53230, 53230 262834, 263089 18881, 14026 262589, 52694 53184, 263113 18881, 52653 1916, 19200 18881, 28631 14840, 52751 18881, 28141 28303, 22819 53237, 52920 53145, 28605 28146, 52770 262589, 28303 53230, 53165 18881, 28605 28283, 52694 53237, 53237 53235, 263893 53197, 22819 262589, 263893 262589, 52751 28303, 53235 262589, 52685 262907, 262907 52734, 19200 25933, 28605 53237, 28631 53237, 14840 262589, 61747 25933, 14026 53145, 262879 262589, 53197 18881, 28141 14840, 52685 14840, 18881 2716, 14026 14840, 52851 18881, 53235 1916, 25933 52685, 28132 18881, 28605 262589, 1916 28303, 14026 18881, 262879 52610, 52770 262834, 2716 19611, 61747 18881, 25933 263442, 52920 28303, 1916 18881, 28631 28357, 262879 18881, 52681 18881, 263089 53237, 61747 28303, 263089 25933, 53197 53237, 52694 28303, 61747 53145, 53237 262883, 18881 28169, 52851 53237, 52770 262907, 262879 1916, 14026 25933, 25933 53223, 52694 1916, 28605 28303, 22819 28146, 52734 52681, 61747 264480, 14026 28303, 52653 28169, 28141 1916, 14026 28605, 52869 262589, 53237 14840, 52869 14840, 28141 52770, 53223 28303, 53235 53222, 262589 28283, 263089 28283, 52869 25933, 52685 61672, 52694 28283, 52734 53237, 52851 28146, 28605 262544, 263893 262848, 263089 262589, 263893 28303, 53237 53184, 53237 28303, 25933 28146, 52685 28146, 53165 14840, 19200 28303, 28303 28283, 1916 53145, 28141 53169, 262879 28146, 52694 263089, 52653 263604, 53235 262907, 25933 1916, 22819 14840, 53223 1916, 263113 28134, 52681 28146, 263113 28303, 262883 264134, 52920 264480, 52681 28303, 61747 28146, 19200 262907, 52734 28146, 53223 28132, 14026 53235, 263893 53237, 52734 52770, 52734 52610, 52920 53184, 52681 28283, 28605 52610, 263113 53237, 14026 61763, 52751 53237, 52751 2906, 263113 53061, 52851 14840, 53165 53237, 28132 25933, 263893 52610, 25933 53240, 1916 262633, 53235 14840, 263113 52770, 53235 52770, 25933 52610, 28605 1916, 52770 53223, 263089 28303, 262715 262907, 53197 28303, 52694 28605, 25933 28623, 25933 14840, 28605 263442, 53237 1916, 28283 14026, 263113 53240, 52681 53169, 1916 28283, 52851 25933, 53237 28155, 262879 14840, 53237 28146, 25933 53235, 61747 262907, 262715 53169, 262715 28303, 61747 263604, 53197 25933, 52653 28146, 53223 52610, 52610 53167, 52681 1916, 14026 28146, 53197 14840, 263113 14840, 25933 262464, 52751 1916, 52751 28283, 19200 14840, 52851 1916, 263893 25933, 52734 28169, 19200 262891, 263089 53197, 52851 262834, 53197 53184, 28631 1916, 53223 14840, 262883 1916, 262715 25933, 52694 14840, 52653 28303, 263893 28146, 52770 14840, 14026 28132, 263113 262891, 263089 53184, 52685 262544, 1916 53184, 262715 52770, 14026 53237, 52685 53223, 28141 25933, 52734 262458, 1916 262605, 52694 262907, 262715 14840, 14026 262907, 53237 52770, 28132 263597, 52685 28303, 52869 28303, 14840 53222, 52734 14840, 263089 28146, 28132 14840, 52770 28303, 28605 25933, 22819 1916, 52770 14026, 53223 53237, 28631 28303, 52685 53237, 52851 263089, 263089 28155, 53235 28605, 28132 53053, 262879 28303, 52734 28303, 52851 53235, 52694 25933, 28303 53061, 52734 264134, 22819 53235, 52920 53237, 52653 52770, 52734 28605, 28303 53222, 52851 28169, 28631 262907, 263089 262907, 53223 28283, 28132 1916, 262883 52751, 52869 28146, 262883 28283, 28283 262605, 28141 53237, 262883 262985, 262715 53053, 28141 262907, 53197 52685, 52751 28141, 22819 61729, 53197 262589, 14026 61747, 53165 1916, 53235 53230, 61747 14840, 22819 264480, 14840 52828, 52694 28146, 52734 263604, 14026 20144, 53237 262458, 52851 262464, 263113 28146, 52851 28166, 52751 28573, 52770 53053, 52770 1916, 53237 28283, 52851 2716, 262883 22819, 28631 28132, 53223 28169, 52751 28166, 28166 52795, 263893 14840, 18881 28283, 52920 8674, 52851 28283, 263893 263442, 52694 262848, 263113 1916, 22819 25933, 52869 28134, 263089 53222, 25933 53169, 53237 53192, 53197 53230, 53197 28146, 1916 14840, 25933 28169, 28631 53169, 52920 14840, 22819 28283, 28283 53145, 25933 28573, 52920 262965, 19200 1916, 52653 262907, 52920 28146, 262883 28166, 262879 2906, 52681 53235, 52653 52610, 262715 53145, 14840 53192, 52610 28283, 263893 53234, 263113 28283, 262715 262605, 19200 28605, 52681 53167, 263893 53184, 262883 262907, 52920 1916, 53165 28148, 262715 1916, 53223 14026, 28141 28146, 52694 28169, 52694 61880, 28141 53223, 52653 262848, 52869 1916, 52685 61880, 53235 11706, 53235 28146, 52869 264575, 262715 262464, 262883 28303, 61747 263442, 262879 53192, 262715 22819, 53237 262848, 52851 28631, 53223 19200, 262879 28283, 14026 1916, 52653 53237, 1916 61880, 263113 52610, 262589 262834, 262883 28605, 18881 263442, 52851 53230, 19200 53222, 22819 53145, 28631 264480, 28631 53167, 25933 52770, 52694 28166, 53235 52610, 52685 262633, 53197 1916, 52851 28141, 52920 28155, 1916 28146, 52920 52610, 52653 53184, 52770 28169, 262715 28146, 52920 61747, 52751 53112, 262589 53169, 262883 28169, 52694 28646, 53197 28283, 25933 53222, 262883 264575, 52770 61880, 262883 25933, 14840 28166, 263113 53167, 25933 262848, 263893 263604, 22819 262879, 22819 28605, 262879 53237, 52751 52770, 28141 52681, 52653 28283, 52851 28259, 14840 2906, 28605 262907, 263113 263597, 263893 28155, 28141 28148, 52681 262848, 53237 262907, 28141 2716, 52681 14840, 1916 28259, 263893 1916, 52869 28169, 262883 52770, 262883 53145, 28132 28605, 263113 8674, 262715 262848, 28605 28134, 53235 262715, 52734 52851, 52694 52751, 52751 28146, 18881 28155, 53235 262732, 263089 53235, 52734 53230, 28141 53184, 14840 28155, 52734 53145, 52920 52685, 28141 263604, 53197 52610, 28141 262732, 1916 52828, 52685 28155, 28141 28134, 52851 61672, 53197 264134, 263893 262907, 53197 53112, 52770 61763, 2716 28623, 28141 262891, 52920 28283, 1916 61763, 61747 28169, 52920 53169, 53237 52795, 53223 263604, 52681 52770, 262715 28283, 25933 262985, 262883 53169, 28631 52795, 28132 28259, 1916 8674, 28605 52751, 25933 2906, 25933 52841, 22819 19611, 53223 262907, 25933 262732, 52734 28155, 53223 262583, 52869 28283, 19200 262464, 28132 28303, 18881 262633, 52734 53066, 263113 52685, 52734 53169, 262883 52841, 61747 8674, 263113 52681, 52653 53192, 52681 262605, 263113 11706, 262879 52841, 22819 20144, 53235 53169, 52694 52653, 52734 1916, 25933 53167, 52751 53230, 28141 28283, 52869 8674, 52751 28134, 61747 28283, 262715 264480, 52681 28155, 262879 262794, 53223 262985, 28141 28166, 53165 52795, 52694 53061, 28132 11706, 52653 53145, 263089 28573, 28605 263126, 52681 28132, 263089 53169, 52685 53145, 52851 264134, 1916 262907, 22819 53184, 53197 52653, 263089 28166, 18881 61763, 14026 53066, 263113 28605, 262879 28166, 262879 53112, 61747 262848, 52653 262891, 52685 52610, 28631 53184, 52694 52828, 25933 262907, 53235 53184, 263089 52770, 28605 262965, 18881 262459, 25933 262583, 53235 262891, 262883 28155, 263113 52968, 28631 262715, 52685 264575, 263089 262605, 263089 262985, 28605 52795, 25933 262834, 52851 262605, 52751 262907, 25933 28357, 28631 52751, 61747 53167, 52685 1916, 52851 53169, 53223 2716, 19200 28283, 25933 11706, 52920 61903, 52681 263442, 52920 262907, 53197 262544, 262715 53184, 28631 52610, 52685 262459, 25933 262544, 263089 28631, 263113 262591, 52770 53230, 262715 52610, 52734 28283, 25933 28134, 262883 28357, 22819 52610, 53235 52828, 52681 262907, 52920 53112, 53165 262965, 52734 262891, 28631 263126, 262879 28141, 28283 53222, 52920 264575, 52685 53167, 52734 53192, 28631 11706, 262883 263442, 14026 52841, 28605 61672, 262715 28623, 53197 262633, 52681 53145, 22819 53112, 28141 2906, 263893 53165, 52734 262848, 52685 28259, 52734 2716, 52681 19200, 18881 28573, 28132 262907, 22819 52968, 28141 262848, 1916 262848, 263089 19611, 18881 28146, 28631 262848, 14026 53184, 52751 26606, 52869 2716, 22819 53169, 28631 19611, 61747 52770, 28631 61747, 28141 53235, 52770 28166, 28141 28132, 52851 53066, 262879 262459, 52920 7465, 28283 263126, 52653 263089, 19200 52610, 61747 52610, 262879 11644, 19200 28169, 19200 52770, 52681 52610, 262879 11706, 263113 7465, 19200 53197, 52851 262848, 52920 53061, 61747 52681, 52770 28148, 18881 7465, 52851 52694, 18881 262458, 1916 52610, 22819 53197, 52770 53167, 53223 11644, 52920 52968, 53235 28357, 52869 262907, 25933 28148, 28631 8674, 263089 8674, 52770 28134, 52694 53145, 52694 28631, 53223 28605, 262848 61729, 28605 262848, 22819 262848, 53197 28259, 61747 28132, 263089 28623, 28631 10906, 52869 28357, 53197 53169, 52751 8674, 263893 28605, 262715 52968, 53237 20144, 28605 53053, 28132 53237, 1916 53222, 14026 11706, 52653 28605, 52734 262583, 28605 53230, 25933 263597, 52734 53184, 52734 262883, 52851 52920, 14026 52610, 52869 28623, 263089 52685, 22819 52770, 22819 262907, 22819 262458, 52869 53112, 53237 53169, 18881 28303, 1916 53061, 14840 28259, 28141 28573, 52920 262848, 52653 8674, 53197 262879, 52694 53112, 28141 53145, 52653 28134, 52851 262633, 262715 262544, 263113 28623, 28631 28146, 263113 53145, 52734 28259, 14026 28573, 52751 20144, 52653 53169, 28631 28283, 52920 26606, 262879 28169, 22819 53240, 52770 264575, 25933 28259, 53165 25933, 52751 53061, 52851 262907, 262883 262891, 52869 28166, 52920 53230, 52685 52770, 52851 10906, 53223 52828, 14026 28259, 53237 262459, 262879 53169, 28605 7465, 28141 8674, 61747 28148, 52920 263442, 53237 28169, 61747 53053, 1916 262834, 18881 53112, 28605 53145, 28631 262965, 2716 262583, 52770 26606, 52681 264575, 28141 53234, 25933 53061, 52920 28132, 52851 53184, 28141 28155, 22819 52869, 52734 263442, 263893 61672, 52694 22819, 262589 53061, 52734 53240, 262883 52610, 61747 262883, 52694 2716, 28141 52653, 28141 28605, 52869 7465, 52751 53223, 263893 28283, 53223 262794, 263089 11644, 52610 262591, 52770 262583, 262879 262965, 28631 52734, 52681 28166, 52694 61763, 262883 28141, 22819 262605, 53235 53240, 28631 28573, 28132 11644, 28631 14026, 53165 11644, 263113 53112, 25933 262605, 52869 2906, 262907 264134, 53237 52610, 22819 8674, 19200 28573, 53237 52968, 52751 262715, 263893 52681, 53237 61903, 52685 28141, 28132 19611, 52653 262715, 1916 53169, 262883 53230, 14026 262583, 52869 262715, 263089 262848, 28132 52828, 53237 263442, 52920 263113, 53223 53145, 28631 262834, 263089 53165, 19200 7465, 25933 28283, 53237 2906, 262715 262459, 52685 2716, 262883 262834, 263893 2906, 262883 53235, 53197 61747, 52681 28169, 262879 53145, 28605 53234, 263113 264480, 52694 262544, 262715 10906, 263893 52828, 52734 8674, 25933 20144, 28141 11644, 52685 11644, 22819 14026, 52681 7465, 22819 11644, 52685 11706, 52851 28357, 28631 61903, 22819 52751, 262715 11706, 28605 2716, 52694 262879, 28631 52685, 263893 2716, 53237 264575, 25933 264134, 52734 61747, 52685 8674, 263089 52610, 52751 10906, 52681 11706, 1916 52968, 53165 61763, 262883 28132, 52920 53066, 263089 263126, 263113 61729, 52851 53167, 61747 263089, 22819 262794, 28132 53222, 52653 263893, 52685 61729, 52869 264134, 52770 28357, 61747 53184, 52653 61903, 52653 262458, 263893 52770, 14840 262544, 263113 28573, 52920 28259, 53197 262891, 52869 262848, 52653 263442, 19200 20144, 53197 2716, 14026 262605, 263089 61763, 52653 52681, 1916 52795, 53165 53145, 52920 53192, 52920 11706, 28132 28146, 262883 262464, 52770 262879, 14026 28155, 262883 262458, 52694 53230, 263089 28132, 262883 53184, 1916 262591, 53235 11644, 14026 262848, 53235 28169, 52734 52869, 53235 53053, 53165 2906, 52653 19200, 53223 262591, 53197 52694, 52685 264134, 262883 262848, 52694 20144, 52694 10906, 263893 53223, 28631 262459, 61747 262633, 52751 52610, 53235 26606, 52920 28605, 19200 19611, 22819 53053, 52751 53145, 53235 53167, 52770 28155, 14840 28573, 1916 7465, 28605 53167, 28605 262879, 52681 264134, 262715 262879, 52920 262891, 52685 28605, 28141 19200, 28605 53184, 53165 53169, 52734 262464, 14026 264575, 52734 28132, 53235 262848, 52694 262633, 1916 53112, 52869 53145, 262715 53167, 263089 53145, 53237 262583, 263113 262883, 262879 263089, 263893 28623, 52653 28148, 53235 28148, 52734 11706, 25933 264480, 263893 11706, 263089 263113, 53235 53145, 18881 262907, 52851 52869, 52851 61729, 1916 263597, 25933 28166, 52681 52751, 262879 262907, 263089 28169, 53223 28631, 53237 262891, 263893 61729, 52869 28155, 52869 262633, 52694 61903, 14840 28303, 28141 263089, 28631 262879, 28141 26606, 28631 263893, 263089 28134, 52851 263113, 61747 53169, 14840 52610, 28631 52770, 53197 262883, 53235 28132, 53223 262544, 28141 262985, 28132 53112, 52920 53165, 28631 53235, 52851 61903, 53223 28134, 53165 14026, 28605 28169, 263089 264480, 263089 263597, 262715 61747, 52653 262794, 52694 2906, 22819 28259, 53235 28155, 52851 262583, 14026 53192, 19200 53169, 53235 28283, 262883 7465, 52851 53145, 53223 61880, 22819 264575, 53165 262591, 61747 61729, 52653 14026, 19200 8674, 263089 262458, 52751 28148, 19200 61880, 18881 28166, 28141 262464, 262879 28573, 53197 53145, 52751 53066, 52751 28259, 52770 264480, 263893 14026, 52869 53169, 52685 28623, 52681 262834, 19200 262848, 53197 262965, 53223 262891, 52751 264480, 262883 19611, 14026 263089, 52869 52770, 22819 52734, 52869 28605, 1916 53066, 53165 19200, 52751 262848, 262883 28631, 1916 11706, 53197 52851, 28132 262605, 52685 53112, 52751 61763, 52770 2906, 53197 52869, 22819 28148, 19200 53184, 28132 61763, 262883 2716, 28141 28169, 53197 262591, 25933 53066, 263113 262907, 28141 61729, 52770 53169, 52734 262834, 53223 53169, 52734 263893, 53235 262794, 52653 28573, 14026 262464, 262715 53234, 28141 53230, 52751 264134, 18881 2906, 263893 53167, 61747 28646, 25933 28646, 28141 53240, 52770 28283, 53223 7465, 52920 262583, 52869 53240, 263113 53169, 52920 264134, 52685 20144, 28605 262464, 53235 263126, 53237 53240, 52734 262732, 28631 28646, 28631 61763, 22819 28169, 262883 262591, 52869 52610, 14026 53167, 263893 53192, 14026 8674, 52770 53234, 262589 28303, 22819 262834, 28631 53112, 52751 262633, 52770 7465, 52694 28132, 53223 263089, 52869 61672, 19200 52869, 61747 53192, 53237 53234, 22819 2906, 262715 53192, 52610 262458, 53235 52751, 53235 262458, 28605 28259, 28631 262891, 52851 262544, 52694 53066, 53237 262732, 53165 262891, 53237 10906, 61747 263597, 263893 53145, 262883 53234, 52920 28646, 25933 2716, 53197 28134, 52869 263604, 52681 52841, 262715 28573, 28605 26606, 52694 8674, 28605 28166, 52610 264575, 52734 53234, 61747 262583, 52653 28646, 263893 263113, 52920 14026, 52920 263126, 53223 264575, 28132 264134, 28132 52795, 53223 263597, 28141 52694, 52851 263893, 263893 53112, 263893 262583, 19200 52968, 1916 2906, 28631 28169, 263113 52869, 61747 28155, 14026 53112, 53165 28155, 52653 61747, 262715 28132, 28605 53061, 19200 28646, 53237 53167, 28605 52841, 262715 262732, 52770 53112, 262879 262848, 52653 28132, 52851 19611, 263089 263604, 28141 22819, 52694 61672, 14840 264134, 52681 262732, 28605 262891, 53237 262544, 28132 28283, 28605 263597, 262715 2716, 28141 263893, 262715 28605, 52681 28631, 28141 262591, 28631 2716, 28605 2906, 53197 53066, 52694 262715, 262883 262732, 53223 262848, 25933 61880, 262879 52795, 262589 28573, 61747 11706, 53223 2906, 53169 28303, 52920 61880, 28631 28166, 262883 20144, 53235 262583, 1916 10906, 263893 262459, 262715 28169, 52694 53234, 263113 262848, 61747 53112, 52770 52828, 262715 262794, 53197 7465, 52751 264575, 53237 53222, 61747 53165, 28141 264134, 53223 52653, 52685 262583, 52694 52841, 262883 262633, 52851 14026, 53197 262459, 53197 262848, 25933 53145, 22819 28573, 262883 52851, 262883 53167, 52685 53169, 263089 2716, 53165 53240, 263893 52968, 53223 263126, 52770 8674, 262883 26606, 1916 28155, 61747 52841, 263089 26606, 53237 8674, 53237 264480, 14840 53169, 28631 53053, 52694 262583, 52751 14026, 52869 28631, 52770 53192, 52694 52681, 28605 262794, 53235 61763, 28605 52851, 52920 262464, 28631 28141, 25933 61672, 263113 53235, 52869 263126, 53197 262732, 52734 262591, 28605 10906, 52694 61747, 262883 53112, 52734 61903, 52851 52681, 19200 53066, 52920 52828, 262715 61903, 61747 263893, 53237 28573, 262883 10906, 52694 52610, 52694 262732, 53235 53223, 53197 53234, 28132 61672, 263113 52795, 53235 263893, 61747 61672, 262715 28646, 52685 28148, 52851 53061, 52851 262965, 52851 53222, 19200 263604, 53165 53222, 52869 262605, 53235 52734, 28132 61880, 28631 53240, 52851 263597, 22819 28134, 28132 53234, 52685 52851, 52851 28573, 14026 262458, 53165 53053, 263893 28166, 14026 52828, 263893 28646, 52751 53197, 263089 28605, 53237 262965, 52851 262458, 28631 52841, 28631 28134, 52681 53192, 53237 53061, 28132 262848, 53165 53066, 19200 53112, 19200 28631, 52851 264575, 52681 262883, 52685 262715, 52653 20144, 53197 28132, 263893 53053, 53237 262985, 52694 264480, 52685 262891, 28605 61729, 1916 264575, 52653 61763, 263113 2716, 262879 262891, 263113 26606, 262879 28132, 28132 20144, 53197 52968, 52681 262583, 52694 11706, 52869 262544, 28141 28623, 53235 263604, 262883 53223, 52920 262732, 52770 262965, 14840 262464, 61747 263113, 263113 53230, 18881 28148, 28605 61763, 14026 262459, 14026 28141, 28605 28148, 53197 28166, 53223 52841, 52694 28259, 28132 52869, 53235 52694, 263089 53112, 53165 263126, 14840 61672, 52751 262985, 52751 28132, 52681 20144, 262715 262891, 263893 262834, 53237 28134, 263113 264134, 52681 11644, 28631 262544, 28132 52610, 52694 263893, 52653 262732, 52653 7465, 52653 262544, 52920 52770, 52685 53184, 52653 52751, 53237 53145, 52869 52751, 52751 262459, 28631 52968, 262883 28573, 53237 262464, 52653 28259, 53235 262605, 61747 53223, 52869 53235, 52694 19200, 52770 61672, 14026 262891, 52851 263442, 19200 262605, 1916 26606, 53235 53197, 262715 28166, 52685 262834, 18881 61903, 52851 53234, 53235 2906, 52694 52920, 19200 61672, 262879 53066, 263113 28132, 52869 19611, 263089 262715, 52685 53053, 53223 53230, 1916 53167, 53197 263604, 262715 7465, 53197 262458, 52694 262794, 263893 264480, 53197 53061, 262883 28623, 53197 28646, 19200 10906, 19200 52828, 52734 20144, 61747 263126, 1916 53192, 52920 19200, 28605 28623, 53165 28631, 52653 262883, 52920 52795, 52653 28155, 14026 53169, 28631 53066, 53197 262583, 263893 262715, 53165 28283, 53197 263597, 52734 28148, 52751 262879, 25933 7465, 52653 52920, 263089 53230, 53197 8674, 61747 28605, 28141 263442, 52851 28148, 263893 263597, 52685 26606, 14026 262794, 52869 53167, 52653 26606, 14026 11644, 52869 262459, 52685 53222, 18881 262544, 53197 262794, 14026 262965, 52851 19200, 52734 28134, 52770 263442, 53197 20144, 262879 53184, 53223 53112, 52869 53230, 262879 263113, 28141 263113, 263113 53184, 53223 53066, 25933 53053, 53237 7465, 52734 52694, 52770 52841, 52681 263604, 52681 2906, 14026 264134, 53223 28573, 52770 263126, 1916 28134, 262879 52851, 22819 262544, 263113 53197, 52734 7465, 52694 28155, 61747 262459, 52869 28573, 61747 28141, 1916 263604, 53237 53053, 263089 28259, 28141 28357, 52685 262732, 28631 61672, 28283 2906, 53237 28148, 52751 52841, 52851 28132, 52869 53184, 263893 26606, 22819 52795, 52770 262633, 19200 28134, 52653 263597, 52751 53184, 22819 53167, 263089 2906, 263089 262583, 19200 52795, 53165 28169, 52751 7465, 52920 61763, 53235 262464, 52653 2716, 61747 28259, 52920 28169, 28605 52968, 262715 264575, 52694 53165, 52751 52828, 52685 262848, 52734 28141, 52681 2716, 52920 263893, 263089 53061, 28132 262633, 52694 262965, 53237 262591, 53223 53184, 14026 28169, 52734 28166, 53165 262464, 52653 262834, 28141 20144, 52920 262458, 52920 262544, 52920 262834, 52770 28132, 28141 262544, 263893 262605, 52681 61672, 53197 263126, 262907 263604, 53197 52734, 52685 262591, 53197 2906, 52851 262794, 22819 28155, 52681 262464, 53223 11706, 61747 52795, 52653 263113, 53165 262605, 52869 262591, 52694 262891, 263113 28166, 14026 52968, 263893 262633, 52920 61672, 52920 53235, 18881 52841, 1916 53053, 52751 28169, 52685 262883, 53223 262732, 53197 28141, 263089 61672, 52653 52828, 262883 52869, 28605 262834, 52653 262633, 52681 53197, 53197 28169, 53235 52653, 52751 52920, 262715 53112, 22819 28166, 263893 262891, 53223 52795, 262883 263089, 262883 53240, 262879 264134, 14026 28646, 53165 263597, 53197 28623, 28605 28155, 52685 263442, 1916 28357, 28605 11706, 22819 28623, 263089 264575, 263893 28259, 52851 2906, 262715 61763, 52920 28166, 52694 262883, 262883 53061, 52920 28573, 52920 11644, 52694 28134, 53235 28134, 52920 53240, 52770 19611, 53235 61903, 1916 263442, 18881 52610, 52685 52968, 19200 11706, 14026 263442, 61747 262965, 52869 28259, 52653 262583, 52851 28155, 263113 28155, 52851 22819, 53237 28166, 61747 10906, 52851 26606, 52685 263126, 28605 264480, 52685 262794, 25933 8674, 28605 53240, 263893 262985, 262883 264480, 262715 28259, 22819 52685, 52751 262583, 52685 262879, 19200 28357, 52681 28605, 53197 53167, 22819 61903, 52751 2716, 1916 28166, 53237 262633, 52734 53222, 25933 264575, 1916 53234, 262715 53061, 22819 263126, 52681 28259, 52869 28141, 262879 53167, 262715 263604, 28631 262605, 28141 7465, 61747 53240, 262715 53165, 52653 262965, 52734 262794, 52734 52751, 52869 52694, 262715 264134, 61747 7465, 53235 262459, 53223 263113, 61747 262879, 28631 53145, 52734 264575, 25933 53192, 263893 28132, 61747 264575, 263113 61880, 14026 28148, 263089 53066, 53197 11706, 53223 20144, 262883 52828, 53223 8674, 14026 53053, 52770 52795, 28605 53112, 263113 53192, 263113 52734, 19200 53145, 28605 53169, 263089 263893, 61747 53230, 28605 53197, 52734 61672, 28283 262544, 52685 52828, 52685 53061, 14026 7465, 53197 28631, 52770 53184, 262715 262883, 53165 52681, 52681 61729, 19200 14026, 262879 53234, 52920 28134, 14026 61880, 52770 61903, 25933 262891, 263113 52751, 52851 52751, 25933 262633, 262715 262834, 52681 53222, 53235 2716, 262879 52828, 53223 53167, 263113 11644, 262879 20144, 19200 61747, 262879 53053, 52734 53167, 263089 262464, 52869 262834, 28631 28605, 22819 263597, 52653 52734, 53184 53167, 52681 10906, 53235 28573, 53235 28623, 52734 262459, 52920 52841, 1916 262544, 28283 53167, 53165 263442, 52734 10906, 25933 11644, 52920 2906, 1916 28148, 28141 53167, 263893 262794, 52851 7465, 263089 52968, 52685 28169, 52920 19611, 25933 52968, 53197 53240, 262879 53222, 53223 53165, 52869 262732, 1916 28646, 52751 263089, 14026 262544, 53197 52841, 53165 53112, 263893 53061, 61747 262985, 14026 28134, 1916 61903, 14026 53230, 52751 52968, 52869 61880, 53223 53061, 53235 52841, 22819 11706, 52685 52653, 263893 7465, 52851 28134, 28141 53112, 52653 262459, 53235 262544, 263893 61763, 28631 28155, 52851 53240, 53197 262464, 25933 262591, 52694 53169, 28141 61672, 52681 61880, 263089 262891, 263893 262464, 52734 14026, 52920 2716, 28605 264134, 14026 262591, 53197 264575, 28631 22819, 14840 53061, 53223 10906, 53223 52920, 22819 7465, 28141 52828, 52851 262891, 61747 11644, 52685 7465, 52685 28646, 262715 262458, 52869 14026, 1916 264480, 52751 262732, 52734 53165, 52685 52841, 52685 263597, 52751 61880, 263113 264575, 14840 262891, 19200 264480, 19200 53167, 25933 263126, 53223 28166, 18881 262605, 263893 53240, 61747 61903, 263113 262794, 19200 262459, 28605 262591, 52681 61903, 53165 28141, 52920 53222, 28605 11644, 19200 264134, 19200 263089, 52920 262794, 52681 53184, 263113 20144, 262715 8674, 262715 262965, 52734 26606, 52851 28623, 1916 262985, 14840 52795, 52920 53053, 53237 53112, 52734 28646, 28605 28357, 263113 53165, 263113 10906, 52734 262879, 61747 262605, 52681 52920, 52770 262605, 53197 262605, 52681 61763, 52770 53222, 52653 52869, 262883 28646, 28283 28169, 52685 53230, 52734 52828, 262883 52795, 28132 53169, 14026 28623, 53165 28132, 52869 52795, 19200 262834, 52869 11706, 52685 28166, 28605 28573, 52681 28357, 262715 53222, 263113 262834, 18881 263604, 52681 52828, 61747 28166, 263089 61903, 22819 53192, 53197 28155, 52685 19200, 53235 262834, 19200 28623, 14026 263113, 52694 262458, 52694 264134, 53223 26606, 53223 22819, 262883 52968, 262879 263442, 53235 20144, 52751 262458, 52685 264480, 61747 61763, 19200 28166, 61747 262464, 28283 28155, 19200 53053, 53197 52920, 263089 52681, 52734 263126, 262883 61672, 52681 263597, 263089 53167, 22819 262965, 61747 52751, 263893 262732, 53053 52841, 263113 28646, 28132 264480, 19200 262633, 28605 53165, 53235 262965, 52734 53053, 262715 2906, 28631 61729, 52734 53061, 52685 53234, 52734 263089, 52653 11706, 53165 264134, 52751 53169, 19200 263442, 1916 262891, 22819 264134, 53165 264480, 52869 53222, 52685 53235, 19200 262583, 263893 262544, 52851 262732, 53235 52968, 263089 28646, 28605 264575, 14026 53234, 262715 52795, 263113 28631, 22819 28132, 52920 53167, 61747 53235, 52685 263604, 28141 61903, 52751 262834, 52685 61763, 52681 22819, 263089 53240, 28631 263604, 28132 53145, 52751 19200, 52734 28573, 53223 28155, 19200 28155, 53197 53192, 61747 28134, 53223 53222, 52869 52968, 1916 262794, 263893 19611, 61747 53061, 22819 53230, 52681 53223, 61747 53222, 28132 53192, 263089 262834, 52751 28623, 262879 53230, 52869 61763, 52653 52841, 28283 28146, 52685 28132, 52734 19611, 28605 20144, 28132 53066, 263893 10906, 52734 52685, 19200 53192, 18881 263597, 61747 52869, 14026 28166, 28141 11706, 53235 53192, 52869 264480, 52681 262965, 28605 61903, 52694 7465, 262883 263126, 262715 53223, 262879 28259, 52751 263604, 52681 262544, 263893 53169, 262883 263893, 52869 262464, 28631 53234, 263893 52841, 14026 262715, 53165 28646, 263089 28148, 1916 28169, 61747 2716, 14026 61903, 263089 262544, 28605 52828, 52653 262605, 28132 2906, 52681 262459, 53235 7465, 28132 262464, 61747 52828, 52685 262458, 52685 19611, 52681 53112, 1916 20144, 52851 61763, 28132 28646, 28631 7465, 52770 28623, 52734 61729, 1916 262965, 22819 263604, 52920 22819, 262715 52920, 263893 28148, 52681 19611, 19200 53230, 52734 264480, 52751 28155, 61747 262458, 52920 28623, 52694 53167, 52653 22819, 262879 14026, 52869 52920, 263893 53222, 22819 28646, 262715 19200, 28141 263126, 52653 53053, 28631 264134, 262715 52734, 2716 61880, 52653 61880, 52751 53167, 53197 61880, 22819 262459, 52869 10906, 14026 262985, 53237 52841, 52734 262633, 262883 262605, 262883 53165, 52653 264134, 14026 28357, 263113 263604, 263089 262732, 52681 53061, 262883 2906, 262715 52851, 28303 53192, 28132 262965, 28141 262834, 263113 262985, 52681 53066, 53197 264480, 52751 52685, 52685 53192, 52751 262965, 263893 61903, 52920 263089, 52851 53192, 19200 26606, 52694 263442, 262715 52841, 52653 53167, 262883 61763, 19200 262794, 28141 61880, 52681 26606, 25933 26606, 52869 28148, 52685 52694, 52685 262605, 52869 11644, 52751 262891, 52770 264134, 52770 262891, 52851 53053, 52869 262985, 52653 53061, 61747 262591, 52685 263893, 52694 53240, 263893 53230, 52694 52795, 262883 14026, 53223 61729, 52694 53053, 263893 11644, 52770 61729, 52869 61903, 262883 28148, 22819 61880, 22819 52828, 61747 52851, 52694 28573, 53197 262834, 53197 262985, 1916 262464, 18881 264134, 28631 61880, 61747 53066, 25933 53184, 263089 262965, 28631 262732, 53237 61672, 52653 262879, 18881 52795, 52851 52828, 28141 61763, 52869 53061, 1916 28573, 263893 28573, 28303 28259, 52751 61903, 52751 53053, 53235 52795, 53223 53240, 262883 28134, 19200 53061, 22819 53222, 52869 262794, 52694 262464, 25933 61903, 53165 11706, 52851 263126, 19200 61903, 52851 61880, 262883 262583, 263113 262965, 19200 28132, 52869 263442, 52694 262605, 52851 28646, 53197 53165, 262715 28148, 14026 2716, 28631 11644, 28141 53061, 52751 263442, 262883 262965, 263113 28169, 19200 52734, 262883 262459, 61747 2906, 53165 52828, 28631 52653, 52851 53223, 263113 61903, 262715 262591, 53237 61880, 262883 11706, 53235 8674, 53223 262459, 53223 264134, 263089 52841, 1916 61729, 52770 262794, 52653 52851, 28605 262583, 52653 52968, 28605 262459, 28631 262794, 263089 22819, 28141 53222, 52653 53222, 52920 262985, 28132 263604, 28132 263126, 262715 26606, 53223 53197, 52751 61672, 22819 263442, 14026 53222, 52751 53234, 262715 263597, 52694 262459, 28132 262544, 52751 53165, 14026 52795, 52751 53240, 53237 2716, 53165 61672, 14026 263604, 52851 263604, 52734 262985, 52734 53112, 14026 26606, 263089 11706, 263113 263126, 28141 53053, 61747 262544, 52751 262464, 263893 52751, 22819 53061, 52920 28357, 28631 263442, 52685 28357, 22819 53165, 1916 263126, 262879 19611, 52770 28573, 52920 263597, 25933 262794, 28605 262985, 52869 20144, 28605 8674, 52694 28623, 53223 28646, 61747 52685, 25933 262458, 61747 262794, 52653 52795, 19200 262458, 53235 264134, 52694 262591, 52681 52968, 263113 262464, 28141 262965, 262589 61672, 53197 263442, 52751 263126, 52685 2906, 262715 263126, 52869 53234, 52751 262794, 52653 262464, 22819 53234, 52920 262605, 61747 20144, 262879 52920, 22819 262591, 262879 52681, 262715 52681, 52681 262794, 53223 53234, 22819 10906, 53223 262965, 22819 263893, 22819 262891, 14026 53197, 262715 53197, 52681 52685, 263113 52828, 52851 8674, 19200 11644, 262883 262794, 28631 262464, 52653 53066, 53235 262985, 53237 263597, 53223 28357, 52920 263604, 52869 262458, 52653 28623, 22819 263113, 53235 53112, 61747 53234, 14840 262965, 28132 53240, 28631 53230, 18881 28259, 52681 8674, 52734 28623, 53235 19611, 262879 262544, 28141 28646, 61747 264134, 263089 263442, 262715 28155, 28631 53192, 52694 28357, 263893 52795, 28283 53066, 25933 262965, 262883 53066, 52681 263126, 52851 52841, 28631 2906, 28631 28148, 262883 262544, 53165 19611, 52770 11706, 263113 262633, 53235 262591, 28132 28148, 28132 61903, 52681 262458, 263113 2906, 263113 53066, 52681 14026, 19200 61729, 52751 61729, 53197 11644, 53165 28134, 53197 53053, 263893 262591, 22819 28357, 19200 61763, 52685 262464, 262883 52920, 262883 53222, 1916 262458, 1916 11644, 262715 262633, 53235 53066, 52851 11706, 53223 264480, 52851 11644, 52869 52681, 263089 262794, 52751 263597, 262715 53240, 28132 28155, 263113 262732, 52694 19611, 19200 52841, 52770 262459, 52851 262459, 19200 28259, 263893 19200, 1916 264134, 53235 262633, 53237 262794, 53237 264134, 53197 10906, 14026 53240, 52653 53230, 52751 262605, 263113 28148, 263113 19200, 52869 26606, 52653 10906, 52869 263597, 52653 28357, 52694 11644, 262879 262883, 28141 52841, 53237 263604, 263113 53053, 53237 262605, 52653 264575, 52751 11706, 28605 262605, 22819 262985, 19200 262883, 263089 53192, 53237 11706, 53237 28646, 262879 53165, 52869 262891, 262883 263597, 263113 262583, 262883 53053, 52751 19611, 28605 263604, 28141 53192, 53223 61763, 28605 28646, 52869 53066, 14026 263597, 53237 52828, 52734 52841, 52653 61729, 52685 28134, 52681 28148, 19200 262591, 52851 53112, 1916 53240, 53165 61903, 52734 52968, 262715 262583, 262879 28155, 53197 28573, 53223 28623, 263089 52795, 52653 28166, 263893 264134, 262879 53061, 14026 19611, 53197 61903, 52653 263126, 53223 61903, 61747 262891, 1916 262732, 53235 61880, 25933 10906, 52694 263597, 262883 11644, 52920 61729, 52694 53192, 263089 262459, 52869 52841, 52751 52795, 53223 262633, 52685 262985, 52851 262985, 61747 22819, 263089 52828, 53197 61763, 28141 262794, 52681 53053, 53165 53192, 53235 28166, 263089 52869, 52685 52795, 14026 262732, 61747 61880, 28141 52920, 52920 262633, 52869 61729, 28631 53222, 262715 61729, 28141 52795, 53223 53192, 52751 53222, 52770 53066, 14026 10906, 22819 26606, 53237 28259, 53235 262879, 28141 264480, 52751 28646, 28605 61880, 52685 53240, 28141 262459, 28303 263604, 53223 52869, 52869 262583, 262715 263113, 28605 19611, 53165 53234, 61747 52968, 53237 28357, 262715 61672, 52681 28623, 22819 61672, 263089 7465, 14026 61729, 52685 14026, 53197 19611, 53237 26606, 52770 53165, 52770 28259, 52685 262965, 262715 19611, 52851 52968, 52694 53223, 53237 53066, 14026 264480, 52770 11644, 52770 20144, 52734 61763, 19200 53234, 25933 262459, 28605 262633, 262715 53066, 52734 53223, 14026 262834, 52681 52795, 52653 11644, 52734 11644, 22819 52841, 52770 28646, 25933 19611, 52869 263893, 52869 53053, 14026 262633, 263113 28357, 53235 19200, 263893 28357, 52734 52795, 53223 53053, 19200 262985, 52681 264480, 53223 28148, 28605 262458, 263113 61763, 52851 52795, 52734 262544, 61747 28573, 19200 262965, 22819 262732, 19200 53240, 52694 264575, 28631 263597, 28631 28259, 52694 263126, 263089 264134, 263089 61880, 53165 2716, 53165 262633, 22819 262464, 52681 53230, 53235 264480, 263089 262633, 53235 53234, 28631 20144, 263089 10906, 263893 263126, 28631 262591, 53197 26606, 52869 28646, 262879 263597, 52851 262591, 52653 53240, 28631 53061, 28631 262583, 52869 262879, 22819 262633, 19200 262879, 19200 262544, 28283 28573, 263113 61672, 263113 262544, 52734 262965, 52685 61903, 61747 262732, 52734 2906, 53237 11644, 14026 53061, 52869 52685, 53235 264575, 52685 53165, 52770 263597, 52653 53165, 263893 262965, 52869 262965, 28141 262633, 52751 28357, 52770 262985, 52653 262985, 263113 263442, 263089 53053, 19200 2906, 19200 263126, 262715 61880, 52920 28148, 52751 11644, 52694 53222, 53235 28259, 22819 262583, 263893 28134, 52681 262891, 53223 61672, 28132 262891, 19200 264575, 1916 52841, 53197 53222, 53197 52795, 53197 52828, 52653 53234, 53235 263442, 262883 53192, 52694 52968, 52869 53165, 52681 262985, 53223 262605, 262715 28357, 28631 262458, 262883 61903, 53237 263126, 28132 28169, 262883 61880, 263089 262591, 53235 53061, 28631 52828, 52920 28631, 14026 263126, 263893 20144, 52869 53192, 28132 2716, 28141 53066, 263113 262605, 53197 61672, 52653 264480, 52734 262605, 52734 61880, 53237 53230, 52694 61729, 262883 8674, 53223 19611, 28141 10906, 22819 61763, 52920 262459, 28283 52841, 28605 262732, 28283 52828, 28141 19611, 1916 61672, 263089 20144, 52920 262591, 28141 262458, 28605 53222, 262883 28259, 53235 28646, 53235 10906, 263893 8674, 52869 52828, 52694 263113, 263893 53066, 262715 28134, 22819 53066, 263113 53222, 53197 61729, 53237 28623, 263089 53234, 19200 263597, 52694 262985, 52681 28646, 263089 28357, 263113 262459, 28132 28134, 52734 28357, 28141 263597, 52770 10906, 52653 2906, 61747 262834, 14026 61672, 28141 28259, 28631 262985, 262879 7465, 52681 53234, 52770 53240, 52694 28148, 53237 19611, 52681 262633, 52920 52734, 52770 262544, 262715 20144, 61747 26606, 262715 52828, 52851 20144, 263113 19611, 262715 11644, 53235 61672, 52653 262591, 52920 10906, 28631 262633, 262879 53240, 19200 28148, 52681 28573, 263893 61880, 61747 28357, 52770 263604, 28132 262591, 61747 19611, 53223 28259, 263113 28259, 52681 53240, 53237 61729, 53235 61729, 1916 53230, 53235 53165, 22819 19200, 263113 52841, 25933 61729, 53235 263597, 52685 28573, 52685 53066, 14840 28283, 52653 61672, 263893 264575, 52694 263604, 263893 262879, 53165 61880, 28141 262605, 262879 263604, 52920 53234, 262715 263442, 52770 262732, 14026 2906, 28631 264575, 14026 52694, 25933 53234, 52681 262591, 52920 20144, 52751 262544, 52734 263597, 52685 10906, 52851 264480, 14840 11706, 53223 262834, 53197 28148, 263113 262458, 53223 262879, 53197 28357, 1916 262459, 28132 263442, 52694 26606, 262883 61729, 52694 262834, 53223 263442, 52751 53192, 52751 262591, 28605 53192, 52681 28134, 262715 262985, 53223 262458, 53237 262834, 28141 52968, 52851 53165, 53223 52968, 263089 61729, 28605 53066, 263893 262458, 262879 262464, 28631 28623, 53223 262464, 52653 19611, 19200 262732]
	SC
start function: AS_Connect_PTT [2015-12-14 13:53:25] 
SC: 11242
SC: 53062
SC: 1916
SC: 52950
SC: 28329
SC: 14026
SC: 18881
SC: 28303
SC: 14840
SC: 28343
SC: 28293
SC: 11835
SC: 28642
SC: 52813
SC: 52750
SC: 28123
SC: 10906
SC: 52625
SC: 7048
SC: 20144
SC: 264330
SC: 11802
SC: 262481
SC: 28573
24
Existent Peers: 116
[11242 1916, 52950 18881, 14026 28303, 18881 14840, 14840 28642, 11242 18881, 1916 11835, 52950 28329, 53062 18881, 11242 28329, 14026 14840, 53062 14840, 1916 28329, 1916 28303, 14026 18881, 1916 18881, 53062 28329, 1916 28343, 11242 28303, 18881 28343, 11242 53062, 14026 28329, 14026 28343, 11242 14840, 52950 28343, 53062 28303, 52950 28303, 52950 53062, 28343 11802, 53062 52813, 14026 11835, 52950 14840, 52950 11835, 14026 20144, 14026 28293, 1916 53062, 11242 11835, 1916 264330, 14840 52750, 1916 14840, 11242 28642, 14026 1916, 52950 7048, 53062 11835, 53062 52750, 11242 28343, 28343 52813, 52950 1916, 14026 53062, 53062 28343, 52950 28573, 18881 11835, 53062 28642, 14026 11802, 11242 20144, 28303 52813, 1916 28642, 14026 28573, 14026 52750, 53062 28293, 52950 28293, 52950 10906, 14026 28123, 52950 28123, 28303 262481, 11242 7048, 52950 28642, 11242 28573, 14026 11242, 11242 52750, 1916 28573, 11242 10906, 52950 11242, 18881 262481, 1916 10906, 52950 264330, 28303 52625, 53062 262481, 53062 11802, 11242 28293, 11242 28123, 1916 28123, 1916 11802, 14026 28642, 11242 52813, 52950 11802, 14026 264330, 53062 10906, 1916 28293, 14026 52950, 53062 52625, 52950 20144, 11242 52625, 14026 262481, 11242 262481, 52950 262481, 1916 20144, 11242 11802, 1916 52625, 53062 20144, 52950 52625, 1916 52750, 52950 52813, 11242 264330, 1916 52813, 14026 7048, 1916 7048, 14026 10906, 53062 28573, 14026 52625, 52950 52750, 1916 262481, 53062 28123, 53062 264330, 53062 7048, 14026 52813]
	SCA
start function: AS_Connect_PTT [2015-12-14 13:53:26] 
SCA: 52888
SCA: 14026
SCA: 28571
3
Existent Peers: 3
[52888 14026, 14026 28571, 52888 28571]
	SJC
start function: AS_Connect_PTT [2015-12-14 13:53:27] 
SJC: 61816
SJC: 262318
SJC: 14026
SJC: 27693
SJC: 28262
SJC: 53069
SJC: 20144
SJC: 52884
SJC: 28573
SJC: 11284
10
Existent Peers: 18
[61816 27693, 14026 20144, 61816 262318, 14026 27693, 14026 262318, 14026 28573, 61816 14026, 14026 52884, 27693 28573, 61816 28573, 14026 53069, 14026 11284, 61816 11284, 61816 20144, 14026 28262, 61816 53069, 61816 52884, 61816 28262]
	SJP
start function: AS_Connect_PTT [2015-12-14 13:53:27] 
SJP: 52579
SJP: 262505
SJP: 14026
SJP: 262721
SJP: 53166
SJP: 28330
SJP: 262761
SJP: 28263
SJP: 28573
SJP: 263062
10
Existent Peers: 31
[262505 28263, 14026 262761, 52579 262761, 262505 52579, 14026 52579, 52579 28263, 53166 262761, 53166 28263, 262505 28330, 53166 262505, 53166 52579, 262505 262761, 14026 28573, 14026 28263, 53166 262721, 262505 14026, 52579 28330, 14026 263062, 52579 262721, 53166 28330, 53166 28573, 14026 53166, 52579 28573, 14026 262721, 52579 263062, 14026 28330, 262761 263062, 262505 28573, 53166 263062, 262505 262721, 262505 263062]
	SP
start function: AS_Connect_PTT [2015-12-14 13:53:28] 
SP: 262589
SP: 262907
SP: 52840
SP: 262666
SP: 16735
SP: 23106
SP: 18881
SP: 262476
SP: 52720
SP: 25933
SP: 28124
SP: 264362
SP: 1916
SP: 263447
SP: 52752
SP: 28364
SP: 263077
SP: 14868
SP: 11835
SP: 12989
SP: 28624
SP: 262454
SP: 53062
SP: 28329
SP: 262675
SP: 52683
SP: 52696
SP: 28198
SP: 262760
SP: 28202
SP: 28299
SP: 22381
SP: 52908
SP: 262310
SP: 16397
SP: 28186
SP: 262355
SP: 28368
SP: 52925
SP: 393742
SP: 61568
SP: 22356
SP: 263444
SP: 263057
SP: 263646
SP: 28303
SP: 28666
SP: 28590
SP: 263469
SP: 28155
SP: 52547
SP: 28250
SP: 1251
SP: 52937
SP: 28618
SP: 27724
SP: 53171
SP: 262659
SP: 36236
SP: 262434
SP: 14840
SP: 262599
SP: 53237
SP: 262725
SP: 262743
SP: 263432
SP: 28283
SP: 28141
SP: 52579
SP: 28598
SP: 52888
SP: 262575
SP: 262402
SP: 262773
SP: 262375
SP: 263099
SP: 262848
SP: 53162
SP: 28634
SP: 263290
SP: 52691
SP: 53184
SP: 262429
SP: 20406
SP: 2688
SP: 49544
SP: 28173
SP: 52551
SP: 6057
SP: 53131
SP: 262744
SP: 52614
SP: 262778
SP: 263460
SP: 52967
SP: 28284
SP: 52974
SP: 28292
SP: 262502
SP: 263047
SP: 263311
SP: 13414
SP: 28146
SP: 28352
SP: 53061
SP: 11706
SP: 53130
SP: 263558
SP: 262750
SP: 61893
SP: 53169
SP: 61942
SP: 13495
SP: 28263
SP: 52920
SP: 53122
SP: 262847
SP: 262401
SP: 53224
SP: 262777
SP: 14463
SP: 262765
SP: 28343
SP: 4809
SP: 262952
SP: 262581
SP: 263416
SP: 262868
SP: 53120
SP: 53115
SP: 262807
SP: 19551
SP: 28576
SP: 22548
SP: 263017
SP: 28663
SP: 28640
SP: 28330
SP: 28642
SP: 262333
SP: 263296
SP: 8075
SP: 35788
SP: 52610
SP: 28152
SP: 28220
SP: 28135
SP: 262878
SP: 263508
SP: 28224
SP: 61704
SP: 28262
SP: 22250
SP: 22177
SP: 15169
SP: 262761
SP: 16594
SP: 28668
SP: 262704
SP: 14551
SP: 28271
SP: 28349
SP: 28138
SP: 264144
SP: 53143
SP: 263615
SP: 19873
SP: 28370
SP: 262369
SP: 262650
SP: 262329
SP: 28166
SP: 27720
SP: 28219
SP: 28226
SP: 28140
SP: 15180
SP: 61924
SP: 262822
SP: 61813
SP: 262717
SP: 262609
SP: 52869
SP: 262757
SP: 53100
SP: 11644
SP: 53114
SP: 262699
SP: 16509
SP: 263297
SP: 262727
SP: 27693
SP: 52896
SP: 28669
SP: 28580
SP: 28654
SP: 53059
SP: 262664
SP: 28310
SP: 28191
SP: 262620
SP: 28171
SP: 52940
SP: 264417
SP: 262336
SP: 264543
SP: 263553
SP: 262561
SP: 28360
SP: 28158
SP: 28216
SP: 53118
SP: 53101
SP: 26609
SP: 10733
SP: 28267
SP: 28207
SP: 28183
SP: 28649
SP: 262988
SP: 263604
SP: 28247
SP: 52689
SP: 53196
SP: 8055
SP: 11432
SP: 28647
SP: 263314
SP: 52613
SP: 28201
SP: 262607
SP: 28257
SP: 13335
SP: 53005
SP: 28204
SP: 262684
SP: 263035
SP: 263584
SP: 53065
SP: 28126
SP: 53139
SP: 262906
SP: 262301
SP: 53145
SP: 52697
SP: 52899
SP: 53079
SP: 61898
SP: 263616
SP: 262568
SP: 264135
SP: 262891
SP: 52640
SP: 263071
SP: 28212
SP: 28229
SP: 262585
SP: 264141
SP: 52977
SP: 262965
SP: 262749
SP: 52527
SP: 23105
SP: 52638
SP: 262377
SP: 263307
SP: 17222
SP: 28153
SP: 52861
SP: 263672
SP: 53070
SP: 263042
SP: 53112
SP: 53113
SP: 262469
SP: 53222
SP: 33182
SP: 28169
SP: 14204
SP: 263678
SP: 53238
SP: 264602
SP: 52550
SP: 262729
SP: 53192
SP: 264531
SP: 30081
SP: 28287
SP: 61951
SP: 28241
SP: 4134
SP: 53185
SP: 53166
SP: 262660
SP: 263265
SP: 61856
SP: 264397
SP: 264574
SP: 28347
SP: 52783
SP: 52866
SP: 28665
SP: 262428
SP: 262449
SP: 61765
SP: 52836
SP: 61882
SP: 262446
SP: 262558
SP: 28294
SP: 61570
SP: 28131
SP: 28279
SP: 61915
SP: 28340
SP: 262464
SP: 53075
SP: 262805
SP: 263466
SP: 53221
SP: 61782
SP: 61914
SP: 53218
SP: 53230
SP: 53037
SP: 31529
SP: 61950
SP: 28272
SP: 28165
SP: 61923
SP: 262463
SP: 53053
SP: 263089
SP: 262903
SP: 53097
SP: 52631
SP: 61683
SP: 52941
SP: 52777
SP: 52803
SP: 264360
SP: 52686
SP: 262363
SP: 61822
SP: 28300
SP: 61720
SP: 36408
SP: 52877
SP: 53102
SP: 28163
SP: 53125
SP: 16685
SP: 262493
SP: 28132
SP: 53158
SP: 52660
SP: 262726
SP: 263113
SP: 28305
SP: 262435
SP: 52736
SP: 52573
SP: 53082
SP: 61440
SP: 262792
SP: 262320
SP: 28307
SP: 28661
SP: 262695
SP: 263421
SP: 28189
SP: 262412
SP: 264173
SP: 53072
SP: 262981
SP: 28122
SP: 52987
SP: 262833
SP: 28195
SP: 262294
SP: 262861
SP: 263405
SP: 52930
SP: 263471
SP: 262733
SP: 263544
SP: 262828
SP: 28571
SP: 262354
SP: 262742
SP: 52873
SP: 28309
SP: 262610
SP: 262720
SP: 53208
SP: 23074
SP: 28644
SP: 28670
SP: 28593
SP: 52694
SP: 61571
SP: 262680
SP: 28306
SP: 52775
SP: 28143
SP: 263357
SP: 262790
SP: 53135
SP: 262688
SP: 264335
SP: 263328
SP: 264226
SP: 7162
SP: 22085
SP: 22689
SP: 61640
SP: 52932
SP: 28328
SP: 52880
SP: 262667
SP: 28331
SP: 262545
SP: 262420
SP: 262557
SP: 2906
SP: 263663
SP: 264590
SP: 52915
SP: 7048
SP: 28151
SP: 263504
SP: 263541
SP: 264254
SP: 28161
SP: 52863
SP: 28605
SP: 53165
SP: 61887
SP: 28327
SP: 263055
SP: 262794
SP: 16736
SP: 61928
SP: 53242
SP: 264538
SP: 263332
SP: 53154
SP: 262775
SP: 262539
SP: 262516
SP: 52856
SP: 28637
SP: 28175
SP: 20144
SP: 53088
SP: 28269
SP: 52824
SP: 52892
SP: 262731
SP: 264427
SP: 263442
SP: 23002
SP: 12136
SP: 28280
SP: 262488
SP: 14650
SP: 264130
SP: 52688
SP: 262669
SP: 53013
SP: 28233
SP: 262462
SP: 52971
SP: 52681
SP: 52944
SP: 263449
SP: 12956
SP: 14571
SP: 262979
SP: 28275
SP: 262372
SP: 262612
SP: 53086
SP: 52669
SP: 264182
SP: 262413
SP: 52668
SP: 263353
SP: 42385
SP: 262883
SP: 262909
SP: 263603
SP: 262459
SP: 264424
SP: 264552
SP: 264447
SP: 52841
SP: 264425
SP: 53008
SP: 28209
SP: 263535
SP: 262344
SP: 52884
SP: 53178
SP: 28239
SP: 36351
SP: 28591
SP: 52828
SP: 263525
SP: 263128
SP: 262409
SP: 28206
SP: 132591
SP: 264223
SP: 263269
SP: 28657
SP: 28334
SP: 28604
SP: 52604
SP: 52795
SP: 28636
SP: 262353
SP: 22431
SP: 15133
SP: 61935
SP: 262696
SP: 262700
SP: 20940
SP: 262686
SP: 262499
SP: 53104
SP: 262298
SP: 263589
SP: 53001
SP: 263518
SP: 30122
SP: 262730
SP: 262501
SP: 264127
SP: 52734
SP: 10362
SP: 53234
SP: 61650
SP: 52571
SP: 263087
SP: 27715
SP: 263626
SP: 263461
SP: 28573
SP: 28311
SP: 262902
SP: 262901
SP: 262343
SP: 262715
SP: 263100
SP: 53197
SP: 28187
SP: 264295
SP: 264523
SP: 263569
SP: 262544
SP: 61769
SP: 262658
SP: 52650
SP: 263668
SP: 263587
SP: 264389
SP: 262288
SP: 28615
SP: 262780
SP: 52851
SP: 262856
SP: 262938
SP: 28270
SP: 28001
SP: 262444
SP: 53066
SP: 28258
SP: 21911
SP: 262518
SP: 53187
SP: 262632
SP: 28589
SP: 263301
SP: 262673
SP: 263513
SP: 264492
SP: 61878
SP: 20121
SP: 28323
SP: 28277
SP: 52858
SP: 262865
SP: 14026
SP: 262787
SP: 263072
SP: 262448
SP: 28359
SP: 262737
SP: 13357
SP: 53175
SP: 52662
SP: 53195
SP: 262879
SP: 28125
SP: 53144
SP: 263543
SP: 61869
SP: 53179
609
Existent Peers: 476
[52840 262444, 16735 263508, 16735 11432, 11432 53208, 16735 28303, 28303 53061, 25933 263442, 52752 262696, 12989 53237, 16735 28247, 16735 28284, 16735 262448, 262760 263290, 25933 262464, 14868 262544, 23106 28306, 22381 14463, 16735 14868, 14868 53088, 16735 262761, 262476 263269, 393742 262805, 22356 8055, 263444 28207, 28666 262463, 18881 14840, 14840 53175, 18881 28343, 12989 28202, 28202 28250, 262659 12989, 12989 16735, 16735 52689, 262599 28233, 14840 2906, 16735 28258, 1251 52888, 18881 263558, 28329 264173, 18881 263405, 16735 262650, 23106 263405, 262778 28267, 262589 28343, 28343 28283, 14840 262907, 12989 52937, 12989 262699, 262589 28146, 28146 52892, 393742 52752, 263444 28224, 28224 53238, 18881 262688, 18881 53158, 262401 28163, 53237 52547, 53224 28340, 12989 262454, 18881 262773, 52579 28349, 16735 262372, 28250 52967, 28303 52856, 4809 52866, 18881 61568, 52551 28229, 18881 53144, 28576 262731, 28663 61813, 61813 20940, 16735 52573, 262589 28226, 16735 262476, 14840 53222, 14840 53192, 16735 28263, 28124 53130, 28135 52777, 53237 262462, 28224 61915, 28303 53222, 22356 20940, 16735 28125, 262659 52579, 18881 52977, 12989 52925, 264173 262737, 262704 262696, 14840 52861, 28349 53008, 16397 61440, 16397 28349, 28303 262607, 18881 28279, 52752 53013, 12989 52840, 52840 53158, 16397 52691, 18881 52573, 12989 53131, 18881 263042, 18881 263416, 18881 20940, 28283 263297, 52752 53158, 25933 52681, 12989 262673, 28303 61769, 18881 263668, 262589 28306, 28226 52866, 15180 52795, 22356 21911, 28283 53145, 14840 264447, 18881 263569, 25933 28169, 28146 28158, 53062 263017, 18881 262828, 18881 262669, 52579 262493, 18881 16685, 28303 262544, 262544 25933, 25933 262848, 16397 262329, 263444 28654, 53158 52686, 4809 262659, 16397 53013, 14868 263042, 12989 262413, 18881 11835, 16735 53102, 28329 28328, 16735 262659, 28226 52941, 18881 264397, 18881 263100, 262476 28640, 16735 262610, 12989 262568, 61568 262726, 28299 52610, 18881 262434, 262589 263055, 27720 262717, 28640 262401, 18881 53237, 28226 262868, 28329 28287, 18881 28359, 18881 28360, 52551 52736, 25933 28669, 22356 28668, 16735 263504, 27724 36408, 18881 262775, 18881 28135, 18881 262435, 16397 262446, 28576 53100, 263444 28187, 53143 28349, 16397 262343, 18881 262667, 18881 52873, 52551 263357, 52840 262401, 18881 28155, 22381 262429, 18881 10733, 28329 263471, 16397 28644, 28173 28183, 16735 52783, 262589 27693, 22177 52941, 28283 61924, 18881 264538, 16397 53154, 16735 61822, 18881 263587, 16735 262699, 52550 28271, 18881 52896, 4809 52551, 262750 264127, 11835 263616, 52551 22177, 16397 264226, 12989 28649, 18881 11432, 393742 28191, 16735 28201, 28241 262700, 18881 52932, 52579 263314, 28186 28615, 11432 52571, 264362 52614, 16397 53143, 53162 28618, 52752 61782, 12989 262981, 16735 262730, 16397 52650, 16735 28294, 18881 263077, 18881 53139, 28303 262695, 22548 30122, 25933 262879, 393742 262402, 262402 262488, 263444 262684, 18881 52688, 263444 28153, 262589 53169, 18881 52547, 22356 28576, 28303 263543, 16397 263678, 18881 28670, 28329 263469, 18881 53065, 52974 28347, 25933 52920, 262589 28580, 28580 28657, 14840 263416, 52551 262717, 16735 28666, 262476 52573, 18881 28605, 18881 263518, 16735 263072, 18881 263265, 27724 12956, 22381 262585, 28598 61813, 18881 264295, 16735 28279, 4809 28666, 22356 262981, 18881 263072, 53162 52668, 18881 28183, 16735 262353, 28329 52686, 28124 53104, 18881 28636, 14868 28158, 28226 52863, 53237 52892, 28303 264141, 262760 263626, 28307 53185, 262589 28299, 18881 27715, 16397 2906, 18881 262449, 28329 61951, 12989 15133, 18881 52856, 18881 262288, 14840 28642, 28663 21911, 18881 28615, 16397 262787, 28669 52571, 16397 262666, 16735 28591, 4809 262807, 22381 28287, 25933 52869, 16735 263569, 14840 28155, 14840 61769, 263311 264141, 25933 11432, 23106 11432, 28666 52908, 262868 28615, 25933 61924, 16735 262807, 16397 263471, 28303 53192, 28303 52775, 28329 263460, 14868 262298, 18881 53112, 28250 262733, 14840 262891, 28368 52683, 16735 264417, 262675 15169, 1251 53166, 16735 53171, 18881 262856, 28303 262539, 16735 262988, 16397 262667, 28368 262901, 16397 53008, 16735 28665, 18881 52696, 16735 28277, 28224 262607, 28303 53175, 28669 28143, 18881 28241, 28329 28250, 18881 28131, 12989 28294, 16735 28151, 262760 28202, 52925 264492, 22356 28124, 18881 262675, 262760 52866, 16735 28163, 28250 52631, 12989 52551, 11835 262298, 262760 262363, 12989 28198, 26609 11706, 28306 262780, 18881 52660, 14868 22689, 16735 263469, 22548 42385, 11835 262790, 12989 263432, 11432 28143, 262589 262695, 28329 52631, 28329 262620, 16685 263071, 28343 53238, 28634 262518, 25933 28605, 262589 27724, 16397 61923, 262561 52899, 28202 53113, 16397 28165, 16397 262585, 16735 28202, 1916 262742, 16397 263535, 14840 61720, 262589 28649, 28669 262558, 28202 53125, 16735 28306, 52660 28125, 18881 53066, 28226 61683, 18881 26609, 18881 28327, 16397 28216, 18881 262737, 28303 263100, 16735 263558, 262589 53102, 14840 28269, 18881 28589, 28250 28640, 28329 52940, 28303 53230, 28666 53013, 52610 28141, 28141 262715, 18881 263089, 22356 262355, 28173 262557, 4809 61928, 28250 264552, 262589 28271, 16735 262700, 28224 53218, 16735 264254, 262907 52734, 23106 262502, 28329 263269, 22356 27715, 25933 52734, 16735 263128, 16735 262428, 16735 262375, 23106 262336, 11835 28359, 18881 262749, 16735 10733, 16735 28669, 18881 263603, 52551 262765, 28224 263017, 1916 52888, 61568 28661, 28329 264362, 18881 262868, 52579 28573, 16397 28272, 14840 52892, 28306 53224, 28368 52824, 27693 53008, 28166 52795, 262401 263035, 16397 262420, 14840 28591, 16397 53086, 18881 53072, 28303 52604, 22356 28206, 52720 52696, 28303 52734, 16735 28280, 16735 28138, 27724 264602, 18881 263553, 18881 28258, 23106 53072, 28220 262726, 22177 61928, 15180 53208, 28669 61898, 18881 262557, 16735 52662, 262733 28207, 12989 263444, 16735 28311, 28303 52977, 28329 263432, 52941 52527, 262589 61950, 14868 262979, 12989 52640, 16397 262744, 1916 53187, 10733 263332, 16735 262729, 28283 52841, 262750 52974, 52974 61878, 28187 28152, 12989 28634, 18881 262298, 18881 262377, 28306 28229, 14840 263089, 18881 25933, 262733 263087, 12989 7162, 16735 262288, 14840 262544, 16735 52987, 1916 1251, 16397 262833, 18881 28169, 16735 28330, 263072 28241, 52551 262780, 14840 52828, 16735 28195, 264144 262632, 12989 28640, 18881 262409, 28343 263444, 264362 264552]
	VIX
start function: AS_Connect_PTT [2015-12-14 13:53:28] 
VIX: 28139
VIX: 262822
VIX: 52988
VIX: 263080
VIX: 53203
VIX: 28323
VIX: 28328
VIX: 18881
VIX: 14026
VIX: 1916
VIX: 28173
VIX: 53022
VIX: 262474
VIX: 52550
VIX: 52945
VIX: 262789
VIX: 26162
VIX: 28573
VIX: 263394
VIX: 262288
20
Existent Peers: 118
[28139 262822, 262822 18881, 52988 263080, 52988 18881, 28139 18881, 53203 18881, 263080 18881, 28323 1916, 28328 18881, 53203 1916, 14026 18881, 262822 52988, 14026 263080, 263080 1916, 28139 1916, 263080 28173, 28139 26162, 262822 263394, 28328 1916, 262822 1916, 52988 1916, 262822 28173, 53203 28173, 53203 28328, 28323 18881, 53203 52988, 14026 28173, 52988 53022, 14026 1916, 28323 53203, 53203 262822, 28328 28323, 52988 28173, 28139 28173, 263080 262822, 28328 28173, 28139 263080, 263080 28323, 262822 28323, 53203 263080, 14026 262822, 262822 262474, 262822 28573, 263080 262474, 18881 262789, 28139 262789, 28139 14026, 263080 53022, 14026 262288, 14026 28573, 18881 262288, 28139 28328, 263080 263394, 53203 262789, 28328 52988, 53203 28139, 28323 262474, 28328 53022, 53203 26162, 53203 262474, 14026 53203, 28323 14026, 263080 28573, 262822 53022, 53203 263394, 52988 28139, 28323 26162, 263080 262288, 53203 53022, 262288 262474, 263080 52550, 28139 53022, 263080 28328, 262822 28328, 263080 52945, 28328 262474, 53203 28573, 18881 28173, 53203 52550, 53203 262288, 52988 262474, 14026 262474, 14026 28328, 52988 262288, 28328 262789, 263080 262789, 28328 52550, 262822 52550, 262822 262789, 262822 26162, 14026 262789, 262822 262288, 14026 26162, 28323 263394, 52988 28573, 28139 262288, 28323 262789, 14026 52988, 52988 262789, 28328 28573, 14026 263394, 28323 28173, 28139 262474, 52988 52550, 28328 262288, 14026 52550, 52988 28323, 14026 53022, 52988 26162, 263080 26162, 28139 28573, 28139 263394, 28323 262288, 52988 263394, 18881 263394, 28328 263394, 28328 26162, 28139 52550]
CSV file was created successfully !!!
Execution time: 1281ms
End function: Density [2015-12-14 13:53:29] 
End
